Eastern Scotian Shelf _ 41 ,   continental shelf ,  WetWeight ,  BOX(-63.5 41.90971,-57.9021 46.01916) ,  Bundy A.(2004). Mass balance models of the eastern Scotian Shelf before and after the cod collapse and other ecosystem changes Canadian Technical Report of Fisheries and Aquatic Sciences     
39 38 
Ceteaceans 
Grey Seals 
Seabirds 
Cod &gt; 40 cm 
Juv Cod 
Silver hake 
Juv Silver Hake 
Haddock 
American plaice 
Halibut &gt; 65 cm 
Juv Halibut 
Flounders 
Skates 
Dogfish 
Redfish 
Pollock 
Trans. Mackerel 
Dem. Piscivores 
Juv. Dem.Pisc. 
Large Demersals 
Juv LDFs 
Small Demersals 
Capelin 
Sandlance 
Trans. Pels 
Small Pelagics 
Small mesopels 
Squid 
Large Crabs 
Small Crabs 
Shrimp 
Echinoderms 
Polychaetes 
Bivalve Mollusc 
OBI 
LZP 
SZP 
Phytoplankton PrimProd 
Detritus 
1 0.2612
2 0.142
3 0.012
4 0.073
5 0.095
6 0.329164833
7 2.23
8 0.495
9 0.604
10 0.011
11 0.101
12 0.668
13 0.098
14 0.104617506
15 1.4
16 0.442
17 0.214
18 0.048
19 0.078
20 0.047
21 0.12
22 0.78
23 2.9
24 11.2
25 0.0460091755
26 8.5
27 0.422714621
28 0.5263084
29 0.308
30 3.78
31 13.57145
32 63.7
33 11.9
34 57.4
35 4.9
36 34.57644
37 44.0
38 43.56276
39 187.0
-1 
1 0.306206345484
2 0.0
3 0.03726096
4 0.0
5 0.0
6 0.0
7 0.0
8 0.0
9 0.0
10 0.0
11 0.0
12 0.0
13 0.0
14 0.0
15 0.0
16 0.0
17 0.0
18 0.0
19 0.0
20 0.0
21 0.0
22 0.0
23 0.0
24 0.0
25 0.037267432155
26 0.0
27 0.0
28 0.8041739723968
29 0.0
30 0.0
31 0.0
32 0.0
33 0.0
34 0.0
35 0.0
36 0.0
37 0.0
38 2728.64739391056
39 0.0
-1 
1 0.0
2 0.0
3 0.0
4 0.00268
5 0.0
6 0.06005
7 0.15261
8 0.00123
9 0.00518
10 0.003231337
11 0.000200751
12 0.00581
13 0.01025
14 0.00043
15 0.025428
16 0.01285
17 0.00468
18 0.00686
19 0.0
20 0.002
21 0.0
22 0.0
23 0.0
24 0.0
25 0.01003
26 0.02597
27 0.0
28 0.00834
29 0.03477
30 0.00057
31 0.0343
32 0.002343
33 0.0
34 0.0801
35 0.0
36 0.0
37 0.0
38 0.0
39 256.599357655706
-1 
1 2.11467528
2 1.322872
3 0.525000036
4 0.07738
5 0.247
6 1.14339685
7 7.962305
8 1.31175
9 0.453
10 0.0238333326
11 0.17574
12 1.23579991
13 0.127792
14 0.145418331
15 1.81999993
16 0.925547957
17 0.314580023
18 0.0977759957
19 0.26364
20 0.05580466
21 0.311999977
22 2.15747976
23 12.5918
24 29.5232
25 0.06257248
26 27.3019981
27 1.099058
28 1.522347
29 0.2464
30 3.402
31 99.61445
32 303.211975
33 240.855988
34 316.975525
35 36.75
36 434.28006
37 615.999939
38 454.77456565176
39 0.0
-1 
1 39 0.5417288 
2 39 0.340728 
3 3 0.00063822 
3 25 9.201835e-05 
3 39 0.1342698 
4 2 0.001619226 
4 14 0.0001033621 
4 18 0.000128592 
4 39 0.06043882 
5 1 0.01521057 
5 2 0.02427707 
5 3 0.00316206 
5 4 0.01140067 
5 5 0.00094715 
5 6 0.01819321 
5 8 0.00178002 
5 10 0.001145833 
5 13 5.729864e-05 
5 14 0.001137611 
5 16 0.001696529 
5 18 0.002997792 
5 19 0.02175963 
5 20 0.001962435 
5 21 0.00578112 
5 22 0.001698606 
5 28 0.01612517 
5 39 0.09866723 
6 2 0.00869039 
6 6 0.0220981 
6 14 0.0002274385 
6 18 1.5696e-05 
6 25 0.00616523 
6 39 0.5730545 
7 1 0.01758274 
7 2 0.04565572 
7 4 0.001039582 
7 5 0.00094715 
7 6 0.09872504 
7 7 0.155997 
7 8 0.00138402 
7 9 0.004322707 
7 10 0.002291667 
7 11 0.000817696 
7 13 0.0005783294 
7 14 0.04118352 
7 16 0.03854678 
7 18 0.01865765 
7 19 0.02421919 
7 20 0.0003831634 
7 22 0.04993569 
7 25 0.00110422 
7 28 0.111848 
7 39 4.203866 
8 2 0.007412821 
8 3 0.00316206 
8 4 0.0005816421 
8 6 0.09952125 
8 7 0.005737522 
8 8 0.00099 
8 10 0.0034375 
8 11 0.0001474852 
8 14 0.003371613 
8 16 0.08183428 
8 18 0.02578622 
8 19 0.01224993 
8 20 0.0002201279 
8 28 0.01612517 
8 39 0.4064424 
9 2 0.05038911 
9 4 0.01537565 
9 5 0.000100225 
9 8 0.000198 
9 9 0.0005117088 
9 10 0.0048125 
9 11 0.002316991 
9 14 0.02933098 
9 18 0.00027144 
9 19 0.01057764 
9 20 0.001640399 
9 21 0.00482928 
9 39 0.1462661 
10 39 0.009601996 
11 2 0.0008096131 
11 4 0.0001923148 
11 18 0.000142848 
11 39 0.09466447 
12 2 0.08743825 
12 4 0.001284993 
12 8 0.000198 
12 9 0.0007276992 
12 10 0.001145833 
12 11 0.006814596 
12 13 0.000183503 
12 14 0.001282401 
12 16 7.956e-05 
12 18 0.01307002 
12 19 0.03925478 
12 22 0.02230503 
12 25 0.003680734 
12 39 0.3845246 
13 2 0.00587873 
13 10 0.00103125 
13 13 0.000183503 
13 18 0.00027144 
13 20 0.0001630355 
13 25 0.0006441285 
13 39 0.03802591 
14 18 4.2912e-05 
14 25 0.002576514 
14 39 0.06076725 
15 1 0.01055655 
15 2 0.08492036 
15 4 0.0005420688 
15 5 0.002320375 
15 6 0.001699435 
15 8 0.0526086 
15 9 0.0002812224 
15 11 0.007169005 
15 12 0.01226448 
15 13 0.0004499141 
15 14 0.002813165 
15 15 0.006188 
15 16 0.1112255 
15 18 0.002254464 
15 19 0.0171942 
15 20 8.233334e-05 
15 21 0.00024048 
15 22 0.0169794 
15 24 0.045584 
15 25 0.005337064 
15 39 0.5738614 
16 2 0.005664056 
16 4 0.002913762 
16 5 0.004308725 
16 6 0.01183982 
16 7 0.06467 
16 16 0.001638038 
16 18 0.000111312 
16 19 0.0004903704 
16 20 0.0001625203 
16 21 0.00048048 
16 22 0.003660329 
16 25 0.0005521101 
16 28 0.01612517 
16 39 0.2749853 
17 1 0.02656404 
17 2 0.001619226 
17 13 0.000183503 
17 14 0.000268867 
17 18 5.7168e-05 
17 25 0.01325064 
17 39 0.1095966 
18 1 0.005278275 
18 2 0.0003076536 
18 4 5.86482e-05 
18 14 4.142853e-05 
18 18 4.2912e-05 
18 25 0.0002760551 
18 39 0.03335903 
19 1 0.005278275 
19 2 0.002815836 
19 4 0.0001725282 
19 5 0.000100225 
19 10 0.002291667 
19 14 0.0001862192 
19 18 0.00034272 
19 25 0.001012202 
19 28 0.01612517 
19 39 0.1136352 
20 1 0.002637809 
20 2 0.001538266 
20 4 6.590805e-05 
20 14 2.280662e-05 
20 18 0.001426896 
20 19 0.002208492 
20 25 0.001012202 
20 39 0.01913628 
21 1 0.005278275 
21 2 0.01377314 
21 4 0.0004410003 
21 5 0.00033155 
21 8 0.000198 
21 9 0.001001674 
21 10 0.001145833 
21 11 0.003216623 
21 13 0.0003100759 
21 14 8.892488e-05 
21 18 0.00538632 
21 19 0.01149876 
21 20 0.0001467233 
21 22 0.009322349 
21 25 0.003680734 
21 28 0.01164478 
21 39 0.1005352 
22 2 0.04855414 
22 3 0.0052074 
22 4 0.0006274788 
22 5 0.002651925 
22 6 0.00202046 
22 7 0.03036774 
22 8 0.00237402 
22 9 0.0004754688 
22 11 0.005942461 
22 12 0.00036072 
22 13 2.39512e-05 
22 14 2.071427e-05 
22 15 0.007924 
22 18 0.001889136 
22 19 0.003891326 
22 20 0.001542441 
22 21 0.00454128 
22 22 0.01165044 
22 39 1.043055 
23 2 0.3711106 
23 4 0.000577941 
23 5 0.006723625 
23 6 0.6216904 
23 7 0.2169562 
23 9 0.04893487 
23 11 0.06711162 
23 12 0.0027054 
23 13 0.0007034283 
23 22 0.009322349 
23 23 0.4860241 
23 25 0.003680734 
23 27 0.02113573 
23 39 4.923523 
24 1 0.5014175 
24 2 0.7693951 
24 3 0.1825256 
24 4 0.03135529 
24 5 0.07315665 
24 6 0.2517649 
24 7 1.170565 
24 8 0.1050232 
24 9 0.07852483 
24 10 0.009166666 
24 11 0.07943261 
24 12 0.09360684 
24 13 0.01829098 
24 14 0.008004913 
24 15 0.010276 
24 16 0.06710058 
24 18 0.0157297 
24 19 0.02953092 
24 20 0.004069448 
24 22 1.285022 
24 23 0.19372 
24 25 9.201835e-05 
24 39 11.08303 
25 25 0.0004600918 
25 39 0.01895578 
26 1 0.0938295 
26 2 0.01391887 
26 3 0.06084144 
26 4 0.01995946 
26 5 0.02121302 
26 6 0.1248786 
26 7 0.04340004 
26 8 0.0170082 
26 9 0.0002812224 
26 10 0.003208333 
26 11 0.004088758 
26 13 0.000819868 
26 14 0.05464926 
26 16 0.2044203 
26 17 0.03923176 
26 18 0.02454638 
26 19 0.02357428 
26 20 0.0005705812 
26 22 0.002231502 
26 25 0.007177431 
26 39 11.01218 
27 3 0.00549714 
27 6 0.0713926 
27 7 0.271614 
27 8 0.000198 
27 14 0.0002069334 
27 15 0.085708 
27 16 0.00297452 
27 25 0.002576514 
27 27 0.1056787 
27 28 0.01636406 
27 39 0.4523046 
28 1 0.01328202 
28 2 0.07071002 
28 3 0.0066 
28 4 0.0006773013 
28 5 0.00025175 
28 6 0.01699798 
28 7 0.03167666 
28 8 0.00455004 
28 9 0.0008501904 
28 10 0.001145833 
28 11 0.001327367 
28 13 0.0001971368 
28 14 0.008335923 
28 15 0.011424 
28 16 0.03208741 
28 18 0.01123517 
28 19 0.0213954 
28 20 0.00179339 
28 22 0.006324809 
28 27 0.08454292 
28 39 0.48598 
29 4 0.0002005711 
29 5 0.0023674 
29 8 0.000792 
29 13 0.0004558098 
29 18 0.000125568 
29 19 0.003476398 
29 20 0.0008138037 
29 22 0.00083265 
29 25 0.0004600918 
29 39 0.0789057 
30 2 0.05343449 
30 3 0.00994158 
30 4 0.002606713 
30 5 0.01330523 
30 7 0.001192515 
30 8 0.01562418 
30 9 0.009243374 
30 10 0.002291667 
30 11 0.0008449155 
30 12 0.0018036 
30 13 0.009716265 
30 14 0.0003929434 
30 16 0.006811621 
30 18 0.000415152 
30 19 0.005585112 
30 20 0.01030369 
30 21 0.01566576 
30 22 0.1364913 
30 28 0.02732496 
30 29 0.00936899 
30 39 1.935066 
31 2 0.0008096131 
31 3 0.00994158 
31 4 0.03924547 
31 5 0.1422411 
31 6 0.08394884 
31 7 7.401171 
31 8 0.05814864 
31 9 0.1356731 
31 10 0.0034375 
31 11 0.05410903 
31 12 0.05104188 
31 13 0.01572249 
31 14 0.0191335 
31 15 1.590977 
31 16 0.1976953 
31 17 0.01307882 
31 18 0.01772438 
31 19 0.1340545 
31 20 0.02255539 
31 21 0.1288814 
31 22 0.3029447 
31 23 3.510846 
31 24 6.120153 
31 26 1.7986 
31 29 0.0314574 
31 39 31.82505 
32 3 0.00994158 
32 4 0.003645299 
32 5 4.75e-05 
32 8 0.04687452 
32 9 0.03019517 
32 10 0.0001145833 
32 11 0.001842871 
32 12 0.00234468 
32 13 6.429976e-05 
32 19 8.5176e-06 
32 20 0.007109771 
32 21 0.01837104 
32 22 0.03129432 
32 24 0.2789741 
32 29 0.0898128 
32 30 0.8675213 
32 39 122.1875 
33 2 0.001619226 
33 3 0.00994158 
33 4 0.001812115 
33 5 0.01600417 
33 8 0.8734077 
33 9 0.1509468 
33 11 0.0003271895 
33 12 0.753003 
33 13 0.02595831 
33 14 0.0001655049 
33 15 0.001344 
33 16 0.0001641628 
33 19 0.004856249 
33 20 0.01100597 
33 21 0.1465512 
33 22 0.1431492 
33 23 5.681362 
33 29 0.0399168 
33 30 0.8164857 
33 31 2.300361 
33 39 78.98562 
34 2 0.001619226 
34 3 0.00994158 
34 4 0.000208258 
34 5 0.000189525 
34 8 0.0181962 
34 9 0.00967608 
34 11 0.001842871 
34 12 0.01334664 
34 13 6.26416e-06 
34 14 0.0006825246 
34 19 0.0002072616 
34 20 0.001094973 
34 21 0.02442096 
34 22 0.002264808 
34 29 0.002526586 
34 30 0.0667359 
34 39 129.2358 
35 2 0.001619226 
35 3 0.00994158 
35 4 0.001764001 
35 5 0.02945237 
35 6 0.0003228383 
35 7 0.04349963 
35 8 0.2151864 
35 9 0.08472115 
35 12 0.1634062 
35 13 0.01982957 
35 14 0.03698438 
35 15 0.3279668 
35 16 0.01351687 
35 18 0.001228464 
35 19 0.02075496 
35 20 0.01155474 
35 21 0.01434912 
35 22 0.08655563 
35 24 0.001914528 
35 25 0.0004600918 
35 26 3.91 
35 29 0.104962 
35 30 2.464091 
35 31 2.300361 
35 39 14.63556 
36 1 1.557683 
36 3 0.2851933 
36 4 0.003992917 
36 5 0.1579142 
36 6 0.3869054 
36 7 3.48422 
36 8 0.4920736 
36 9 0.1684334 
36 11 0.04039763 
36 12 0.7097166 
36 13 0.08756964 
36 14 0.0003310098 
36 15 0.7458724 
36 16 0.5378541 
36 17 0.2752061 
36 18 9.9936e-05 
36 19 0.01881254 
36 20 0.00770027 
36 21 0.1158878 
36 22 1.195136 
36 23 5.989202 
36 24 32.90545 
36 25 0.0004600918 
36 26 16.0701 
36 27 0.9511079 
36 28 0.8389772 
36 29 0.05459509 
36 30 0.8881601 
36 31 18.40289 
36 36 13.48481 
36 39 140.1037 
37 1 0.09560132 
37 4 0.001608413 
37 5 0.000426075 
37 6 0.001699435 
37 7 0.012934 
37 8 0.07318674 
37 13 0.002936049 
37 14 0.000268867 
37 15 0.01232 
37 16 0.02835752 
37 17 0.1432833 
37 20 0.0008966521 
37 22 0.00083265 
37 23 3.510846 
37 24 4.408565 
37 26 17.3213 
37 27 0.9511079 
37 28 0.4672434 
37 31 36.80577 
37 36 289.9234 
37 39 262.2373 
38 22 0.01264962 
38 31 13.03538 
38 34 223.2222 
38 36 249.469 
38 37 1232.0 
38 39 556.1337 
39 3 0.01026234 
39 20 8.14748e-05 
39 24 1.82336 
39 29 0.03696 
39 30 0.5670057 
39 31 80.51263 
39 32 426.79 
39 33 330.82 
39 34 223.2222 
39 35 61.25 
39 36 121.3633 
39 39 128.2997 
-1 
