Gulf of California _ 450 ,   continental shelf ,  WetWeight ,  BOX(-116 29,-111 32.5) ,  Lercari D.,Arreguín-Sánchez F.(2009). An ecosystem modelling approach to deriving viable harvest strategies for multispecies management of the Northern Gulf of California Aquatic Conservation: Marine and Freshwater Ecosystems. pp 384-397     
34 33 
Elasmobranchi (SHARKS) 
Zalophus californianus 
Totoaba macdonaldi (ADULTS) 
Marine birds 
Odontoceti 
Phocoena sinus 
Totoaba macdonaldi (JUVENILES) 
Merluccidae 
Mysticeti 
Coastal birds 
Sciaenidae 
Rhinobatidae 
Serranidae 
Elasmobranchi (RAYS) 
Other fishes 
Haemulidae 
Sicyonia penicillata 
Small pelagics 
Farfantepenaeus californiensis (JUVENILES) 
Litopenaeus stylirostris (JUVENILES) 
Cephalopoda 
Flat fishes 
Myctophidos 
Mojarras 
Callinectes sp. 
Polychaeta 
Stomatopoda 
Litopenaeus stylirostris (ADULTS) 
Benthic inv. 
Farfantepenaeus californiensis (ADULTS) 
Zooplankton 
Phytoplankton PrimProd 
Macrophytes PrimProd 
Detritus 
1 0.71881
2 0.0141734807
3 0.008
4 0.000400000019
5 0.174
6 0.0015
7 0.0196097065
8 0.147000015
9 0.09
10 0.000133999987
11 0.2521041
12 0.149644509
13 0.0198435
14 0.4139478
15 2.1038475
16 0.0692136
17 0.0215141531
18 1.55478966
19 0.03801382
20 0.118585117
21 2.32415986
22 0.228311345
23 1.16856813
24 0.317044
25 0.6192978
26 5.070001
27 0.06585095
28 0.2
29 2.886
30 0.0800000057
31 28.0
32 116.0
33 1.6099999
34 88.52
-1 
1 0.0
2 0.0
3 0.0
4 0.0
5 0.0
6 0.0
7 0.0
8 0.0
9 0.0
10 0.0
11 0.0
12 0.0
13 0.0
14 0.0
15 0.0
16 0.0
17 0.0
18 0.0
19 0.0
20 0.0
21 0.0
22 0.0
23 0.0
24 0.0
25 0.0
26 0.0
27 0.0
28 0.0
29 0.0
30 0.0
31 0.0
32 8052.72
33 112.442393016
34 0.0
-1 
1 0.0265999977
2 0.0
3 0.002499999
4 0.0
5 0.0
6 0.0002688244
7 0.0007277462
8 0.0128
9 0.0
10 0.0
11 0.0378534868
12 0.0162698478
13 0.00458
14 0.0831106156
15 0.252343357
16 0.112431794
17 0.0
18 0.0123589858
19 0.471302392341762
20 1.71755634342979
21 3.76e-05
22 0.0882355347
23 0.0338761434
24 0.12761867
25 0.0
26 0.0
27 0.0169380717
28 1.168759339
29 0.1772061
30 0.57088380320899
31 0.0
32 0.0
33 0.002717969
34 11392.2227741832
-1 
1 1.52387714
2 0.3944763
3 0.0286880024
4 0.014200001
5 3.64063644
6 0.0351
7 0.1474169
8 0.151410028
9 0.19224
10 0.00479049934
11 1.69666076
12 0.2095023
13 0.04147291
14 1.30393541
15 9.284699
16 0.600081861
17 0.0817537755
18 7.99908161
19 0.899085045
20 2.45295
21 13.6985989
22 1.80594277
23 5.718505
24 1.04941559
25 2.85347629
26 68.95201
27 0.293695241
28 1.9793601
29 107.359207
30 0.84160006
31 868.0
32 1342.12
33 18.740398836
34 0.0
-1 
1 1 0.02157718 
1 2 0.01000654 
1 4 0.000828604 
1 5 0.09193778 
1 34 0.4816027 
2 1 0.0004315437 
2 5 4.541727e-05 
2 34 0.1077801 
3 1 2.157718e-08 
3 2 4.802133e-05 
3 5 4.541727e-05 
3 15 3.180175e-05 
3 34 0.008686739 
4 1 1.987259e-06 
4 34 0.003798013 
5 1 0.004315437 
5 5 4.541727e-05 
5 34 0.9571283 
6 1 2.157718e-06 
6 34 0.009629018 
7 1 0.0002157718 
7 2 0.002499121 
7 3 2.005719e-05 
7 5 0.004587696 
7 6 4.140662e-05 
7 11 2.506374e-05 
7 13 3.570045e-05 
7 34 0.04586016 
8 1 0.01078859 
8 3 0.0001205033 
8 4 1.677022e-05 
8 5 0.0137447 
8 6 4.140662e-05 
8 15 0.0001539874 
8 23 0.00111259 
8 34 0.08176147 
9 1 0.0002157718 
9 5 0.0004541727 
9 34 0.06989006 
10 1 1.987259e-06 
10 34 0.001237513 
11 1 0.2653994 
11 2 0.02303013 
11 3 0.005604804 
11 4 0.000828604 
11 5 0.1011316 
11 6 0.004590734 
11 7 0.0372939 
11 11 0.03358114 
11 13 0.0004284054 
11 15 0.001539874 
11 34 0.842517 
12 1 0.01078859 
12 3 0.0001205033 
12 5 0.02293848 
12 11 0.002506374 
12 13 0.002427631 
12 15 0.001539874 
12 16 0.0009867288 
12 27 0.007448636 
12 34 0.1145467 
13 1 0.004315437 
13 3 4.003432e-05 
13 5 0.0004541727 
13 6 0.00418567 
13 34 0.01638837 
14 1 0.01078859 
14 5 0.02293848 
14 6 0.0008101296 
14 11 0.1007434 
14 12 0.04087216 
14 13 0.004141252 
14 14 0.006359536 
14 16 0.004983479 
14 22 0.02931409 
14 34 0.5031364 
15 1 0.8825069 
15 2 0.2006336 
15 3 0.003410924 
15 4 0.003350442 
15 5 0.956153 
15 6 0.006751081 
15 7 0.01372819 
15 8 0.0769634 
15 11 0.6197247 
15 12 0.06186304 
15 13 0.01228096 
15 14 0.1481772 
15 15 0.3180175 
15 16 0.1973458 
15 22 0.1441276 
15 34 3.551926 
16 1 0.01078859 
16 2 0.00500327 
16 3 0.0001205033 
16 4 0.001677022 
16 5 0.004541726 
16 6 0.0007201152 
16 11 0.01221133 
16 13 0.0004284054 
16 15 0.01539874 
16 34 0.2332724 
17 3 0.002085788 
17 7 0.001009959 
17 8 0.003535421 
17 11 0.002506374 
17 13 0.002213428 
17 14 0.002117726 
17 15 0.001539874 
17 16 0.0009867288 
17 22 0.002393984 
17 24 0.001965455 
17 25 0.02809556 
17 34 0.05266622 
18 1 0.4833289 
18 2 0.1151506 
18 3 0.01949671 
18 4 0.005782215 
18 5 0.9469592 
18 6 0.007696231 
18 7 0.0552353 
18 8 0.04188114 
18 9 0.0654372 
18 11 0.02445318 
18 15 3.096486 
18 34 3.539012 
19 8 0.005711064 
19 9 0.001314 
19 10 6.03e-05 
19 11 0.002506374 
19 15 0.01539874 
19 16 0.005980175 
19 18 0.01736949 
19 21 0.01438662 
19 22 0.02442841 
19 23 0.009271588 
19 24 0.009828364 
19 25 0.05057201 
19 27 0.0005385937 
20 9 0.001314 
20 10 6.03e-05 
20 11 0.002506374 
20 15 0.01539874 
20 16 0.005980175 
20 18 0.01736949 
20 21 0.01438662 
20 22 0.02442841 
20 23 0.009271588 
20 24 0.009828364 
20 25 0.101144 
20 27 0.02807563 
21 1 0.04315437 
21 2 0.03499775 
21 3 0.002610237 
21 4 0.001677022 
21 5 1.480198 
21 6 0.00418567 
21 7 0.0001796155 
21 9 0.002628 
21 11 0.1160076 
21 15 0.7364615 
21 16 0.001993392 
21 21 3.04019 
21 22 0.002418413 
21 23 0.5470236 
21 34 7.433825 
22 1 0.01078859 
22 2 0.002499121 
22 3 0.0001205033 
22 4 9.024578e-05 
22 11 0.002506374 
22 12 0.0003890757 
22 13 0.0001428018 
22 14 0.002117726 
22 16 0.001993392 
22 22 0.002418413 
22 34 0.5256869 
23 1 0.3862316 
23 2 0.0598381 
23 3 2.73034e-05 
23 5 0.9009903 
23 6 0.005895943 
23 8 0.0872977 
23 9 0.0270684 
23 11 0.1007434 
23 15 0.01439447 
23 34 1.940057 
24 1 0.01078859 
24 2 0.04902701 
24 3 0.0001205033 
24 4 0.001677022 
24 5 0.04587696 
24 6 0.003870619 
24 11 0.01221133 
24 12 0.001568712 
24 13 0.0006426081 
24 15 0.0836888 
24 22 0.002418413 
24 34 0.5767479 
25 3 0.002249929 
25 4 0.000828604 
25 7 0.0187679 
25 10 0.00059094 
25 11 0.01221133 
25 12 0.03890757 
25 13 0.001499419 
25 14 0.002117726 
25 15 0.0001539874 
25 25 0.03933379 
25 34 2.648132 
26 4 0.000828604 
26 7 0.0187679 
26 8 0.01849297 
26 9 0.0165564 
26 10 0.00177282 
26 11 0.1987393 
26 12 0.06773101 
26 13 0.004141252 
26 14 0.4642461 
26 15 1.489661 
26 17 0.04411144 
26 22 0.723081 
26 24 0.5405001 
26 25 0.4776246 
26 26 13.12907 
26 27 0.06703772 
26 28 0.2176623 
26 29 20.8865 
26 30 0.1654853 
26 34 29.40601 
27 4 9.024578e-05 
27 7 0.001009959 
27 10 0.00059094 
27 11 0.006105663 
27 12 0.009726893 
27 13 0.003427243 
27 14 0.002117726 
27 15 0.01539874 
27 24 0.01965673 
27 25 0.05057201 
27 27 0.0005385937 
27 34 0.1530352 
28 3 0.003250786 
28 4 0.0001622983 
28 5 0.004541726 
28 6 0.004140662 
28 7 0.02741606 
28 8 0.002719554 
28 9 0.001314 
28 10 0.00059094 
28 11 0.4976115 
28 12 0.004668909 
28 13 0.001785023 
28 14 0.02111134 
28 15 0.01556612 
28 16 0.01993392 
28 22 0.01221421 
28 23 0.00111259 
28 24 0.003931346 
28 25 0.05057201 
28 27 0.003437832 
29 3 0.0001205033 
29 7 0.02802083 
29 8 0.008702576 
29 9 0.0543996 
29 10 0.00118188 
29 11 0.7784719 
29 12 0.08446913 
29 13 0.01835003 
29 14 0.8924549 
29 15 1.456185 
29 16 0.1823953 
29 17 0.06351315 
29 22 0.2418413 
29 24 0.2712327 
29 25 1.01144 
29 26 26.14861 
29 27 0.05385937 
29 28 0.6923879 
29 29 12.91474 
29 30 0.1638941 
29 34 89.82132 
30 3 0.0004804118 
30 4 0.0001622983 
30 5 0.004541726 
30 6 0.002070331 
30 8 0.0002665164 
30 9 0.001314 
30 10 0.00059094 
30 11 0.1251661 
30 13 0.0007854099 
30 14 0.01055567 
30 15 0.0001539874 
30 16 0.01993392 
30 22 0.0002369556 
30 23 0.00111259 
30 24 0.003931346 
30 25 0.004776246 
30 27 0.003437832 
31 8 0.02637968 
31 9 0.09145441 
31 10 0.00059094 
31 15 3.51493 
31 16 0.1973458 
31 17 0.02214724 
31 18 12.7478 
31 19 1.069427 
31 20 3.080189 
31 21 13.30083 
31 22 0.002418413 
31 23 4.895398 
31 25 0.2416218 
31 26 6.571378 
31 27 0.006302692 
31 28 0.3285974 
31 29 42.8876 
31 30 0.1370027 
31 31 392.0 
31 34 610.8786 
32 15 1.891367 
32 16 0.160468 
32 17 0.00935309 
32 18 3.629823 
32 19 0.3055506 
32 20 0.880054 
32 21 9.77204 
32 23 3.263599 
32 25 0.2416218 
32 26 6.571378 
32 27 0.02234591 
32 28 0.3285974 
32 29 58.15268 
32 30 0.1115434 
32 31 1372.0 
32 34 5253.26 
33 13 0.006783085 
33 14 0.06783506 
33 15 2.661304 
33 17 0.004209806 
33 19 0.07638766 
33 20 0.2200135 
33 22 0.02442841 
33 24 0.36754 
33 25 0.4495289 
33 26 6.160667 
33 27 0.004010804 
33 28 0.09563369 
33 29 30.77246 
33 30 0.02275423 
33 34 52.76572 
34 11 0.3999209 
34 12 0.07901951 
34 13 0.01192395 
34 14 0.4918041 
34 15 1.389234 
34 16 0.1963491 
34 17 0.03953557 
34 19 0.07638766 
34 20 0.2200135 
34 21 1.004349 
34 22 1.206763 
34 23 0.5470236 
34 24 0.7370455 
34 25 2.871366 
34 26 78.30893 
34 27 0.3758697 
34 28 2.161321 
34 29 76.80999 
34 30 0.9913205 
34 31 196.0 
34 34 5696.111 
-1 
