Hudson Bay _ 446 ,   bay/fjord ,  WetWeight ,  BOX(-101.6455 50,-68.8623 64.99794) ,  Hoover C.(2010). Hudson Bay ecosystem: past, present, and future A Little Less Arctic. pp 217-236     
40 38 
Polar Bear WHB 
SH Polar Bear 
Polar Bear Foxe 
Killer Whale 
Narwhal 
Bowhead 
Walrus N 
Walrus S 
Bearded Seal 
Harbour Seal 
Ringed Seal 
Harp seal 
Beluga E 
Beluga W 
Beluga James 
Seabirds 
Arctic Char 
Atlantic Salmon 
Gadiformes 
Sculpins/ Zoarcids 
Capelin 
Sandlance 
Sharks/Rays 
Other Marine Fish 
Brackish Fish 
Cephalopods 
MacroZooplankton 
Euphausids 
Copepods 
Crustaceans 
Other MesoZooplankton 
MicroZooplankton 
Marine Worms 
Echinoderms 
Bivalves 
Other Benthos 
Primary Production PrimProd 
Ice Algae PrimProd 
Ice Detritus 
Pelagic Detritus 
1 0.000460363
2 0.000383636
3 0.000191818
4 2.5e-05
5 0.001930783
6 0.01086575
7 0.002740255
8 0.000986492
9 0.003699344
10 0.001045681
11 0.04685835
12 0.001
13 0.002071632
14 0.02466229
15 0.001463789
16 0.065
17 0.179511532
18 0.05132024
19 0.6818141
20 0.247642249
21 0.3040149
22 0.512145936
23 3.17967238e-06
24 0.2560289
25 0.0145287747
26 0.09707986
27 7.5
28 2.148
29 4.015
30 1.8
31 1.21
32 2.180541
33 5.42041159
34 8.01979
35 5.326275
36 2.89358854
37 8.0
38 3.5
39 0.009
40 0.33
-1 
1 0.0
2 0.0
3 0.0
4 0.0
5 0.0
6 0.0
7 0.0
8 0.0
9 0.0
10 0.0
11 0.0
12 0.0
13 0.0
14 0.0
15 0.0
16 0.0
17 0.0
18 0.0
19 0.0
20 0.0
21 0.0
22 0.0
23 0.0
24 0.0
25 0.0
26 0.0
27 0.0
28 0.0
29 0.0
30 0.0
31 0.0
32 0.0
33 0.0
34 0.0
35 0.0
36 0.0
37 446.002944
38 190.380288
39 0.0
40 0.0
-1 
1 1.5e-05
2 2.2e-05
3 5e-06
4 1e-06
5 3.4e-05
6 9e-06
7 8e-05
8 6e-06
9 0.000167
10 2e-06
11 0.000393
12 1.4e-05
13 3.3e-05
14 6.05e-05
15 1.4e-05
16 0.000325
17 4.62132e-07
18 1.32038e-08
19 2.64076e-07
20 2.64076e-07
21 1.32038e-07
22 3.96113e-08
23 0.0
24 6.60189e-08
25 2.64076e-08
26 0.0
27 0.0
28 0.0
29 0.0
30 0.0
31 0.0
32 0.0
33 0.0
34 0.0
35 0.0
36 0.0
37 0.0
38 0.0
39 11.2316699622059
40 100.090941390971
-1 
1 0.0007066649
2 0.000579132466
3 0.000296077051
4 9.619909e-05
5 0.0402779728
6 0.04736619
7 0.102832153
8 0.026561765
9 0.04155509
10 0.01543886
11 0.6400351
12 0.0124027515
13 0.0354096144
14 0.328173459
15 0.0193385091
16 0.05291
17 0.179511517
18 0.266865253
19 0.6886322
20 0.474330246
21 0.6505919
22 0.978198767
23 2.48014453e-06
24 0.379464924
25 0.0165416729
26 0.242699653
27 15.0
28 21.2652
29 192.72
30 19.4399986
31 36.3000031
32 65.41623
33 14.09307
34 4.009895
35 23.80845
36 21.7019138
37 74.333824
38 31.730048
39 0.0
40 0.0
-1 
1 1 9.57555e-06 
1 40 0.0002263145 
2 2 7.979629e-06 
2 40 0.0001888508 
3 3 1.994907e-06 
3 40 9.590947e-05 
4 40 2.776204e-05 
5 4 9.99689e-06 
5 23 3.97459e-08 
5 40 0.01022886 
6 4 3.124028e-06 
6 40 0.01211635 
7 1 4.787775e-06 
7 4 3.748834e-06 
7 40 0.02620766 
8 2 3.989814e-06 
8 4 3.748834e-06 
8 40 0.006746589 
9 1 0.0001196944 
9 2 9.974536e-05 
9 3 7.979629e-05 
9 4 1.624495e-05 
9 8 3.332209e-05 
9 23 3.97459e-08 
9 40 0.01068781 
10 1 9.57555e-07 
10 2 7.979629e-07 
10 3 3.989814e-06 
10 4 1.874417e-06 
10 40 0.004013368 
11 1 0.0005927266 
11 2 0.0004979288 
11 3 0.000237394 
11 4 4.123717e-05 
11 8 0.001299562 
11 23 3.97459e-08 
11 40 0.1662241 
12 1 2.872665e-05 
12 2 2.393889e-05 
12 3 1.595926e-05 
12 4 3.748834e-06 
12 23 3.97459e-08 
12 40 0.003171196 
13 2 3.989814e-06 
13 4 1.249611e-06 
13 40 0.008984555 
14 1 9.57555e-05 
14 3 3.191852e-05 
14 4 1.999378e-05 
14 40 0.08379578 
15 2 5.186759e-05 
15 4 6.248056e-06 
15 40 0.004922248 
16 1 1.91511e-05 
16 2 5.58574e-05 
16 3 7.979629e-06 
16 4 3.748834e-06 
16 16 0.001924 
16 40 0.04095426 
17 5 0.0005055087 
17 9 0.001582762 
17 14 0.02060887 
17 16 0.002886 
17 18 0.003669397 
17 23 1.987295e-07 
17 26 0.004853993 
17 40 0.05564857 
18 4 6.248056e-07 
18 5 0.0005055087 
18 9 0.001055175 
18 12 0.0003132072 
18 13 0.0008886481 
18 14 0.008243548 
18 15 0.0002433287 
18 16 0.002886 
18 17 0.002692673 
18 18 0.003669397 
18 23 7.949181e-08 
18 26 0.004853993 
18 40 0.07472227 
19 4 3.748834e-06 
19 5 0.01263772 
19 7 0.002582567 
19 8 0.002665767 
19 9 0.01055175 
19 10 0.001946185 
19 11 0.1456778 
19 12 0.0003132072 
19 13 0.003554592 
19 14 0.06182661 
19 15 0.001216644 
19 16 0.001924 
19 17 0.002692673 
19 18 0.007338794 
19 19 0.02522712 
19 23 5.961886e-07 
19 26 0.02426997 
19 40 0.2682938 
20 4 2.499223e-06 
20 5 0.007582631 
20 7 0.001291284 
20 8 0.0003332209 
20 9 0.002637937 
20 10 0.001556948 
20 11 0.0809321 
20 12 0.0001566036 
20 13 0.00444324 
20 14 0.01236532 
20 16 0.002886 
20 17 0.002692673 
20 18 0.007338794 
20 20 0.01619199 
20 23 5.961886e-07 
20 26 0.02426997 
20 40 0.1705874 
21 5 0.006066105 
21 9 0.008968987 
21 10 0.00389237 
21 11 0.1618642 
21 12 0.01346791 
21 13 0.00444324 
21 14 0.08243548 
21 15 0.01216644 
21 16 0.01443 
21 17 0.005385346 
21 18 0.01834699 
21 19 0.0630678 
21 20 0.04047999 
21 23 1.987295e-07 
21 24 0.0154521 
21 25 0.00168481 
21 26 0.03883194 
21 40 0.3176956 
22 9 0.00211035 
22 10 0.00389237 
22 11 0.2427963 
22 14 0.004121774 
22 16 0.003848 
22 17 0.005385346 
22 18 0.007338794 
22 19 0.0630678 
22 20 0.04047999 
22 23 3.179672e-07 
22 25 0.00168481 
22 26 0.03883194 
22 40 0.3751469 
23 4 6.248056e-07 
23 23 3.97459e-08 
23 40 8.298945e-07 
24 4 1.249611e-06 
24 5 0.005055087 
24 7 0.003873851 
24 8 0.001666105 
24 9 0.002637937 
24 10 0.001946185 
24 11 0.06474568 
24 12 0.000783018 
24 14 0.0164871 
24 16 0.003848 
24 17 0.005385346 
24 18 0.007338794 
24 19 0.07568137 
24 20 0.03238399 
24 23 2.384754e-07 
24 26 0.004853993 
24 40 0.1664519 
25 5 0.001011017 
25 9 0.001055175 
25 10 0.001167711 
25 13 0.0008886481 
25 14 0.0164871 
25 16 0.00962 
25 17 0.005385346 
25 18 0.01100819 
25 23 1.589836e-07 
25 25 0.00168481 
25 40 0.01939063 
26 4 1.249611e-06 
26 5 0.005055087 
26 9 0.0005275875 
26 10 0.000389237 
26 11 0.01618642 
26 13 0.00222162 
26 14 0.02060887 
26 15 0.001216644 
26 16 0.00962 
26 18 0.01834699 
26 22 0.03533807 
26 23 1.987295e-07 
26 24 0.007726048 
26 25 0.00168481 
26 26 0.01941597 
26 40 0.1043608 
27 5 0.002527544 
27 6 0.002974733 
27 9 0.0005275875 
27 10 0.000389237 
27 11 0.01618642 
27 14 0.004121774 
27 16 0.011544 
27 17 0.02692673 
27 18 0.05504096 
27 21 0.2188907 
27 22 0.08834517 
27 23 1.987295e-07 
27 24 0.03863024 
27 25 0.01432088 
27 26 0.08737187 
27 28 0.283536 
27 33 0.2168165 
27 36 0.3616986 
27 40 6.070151 
28 5 0.002022035 
28 6 0.0178484 
28 10 0.000389237 
28 11 0.01618642 
28 13 0.006664861 
28 14 0.04121774 
28 15 0.002433287 
28 16 0.00481 
28 17 0.01346336 
28 18 0.02935518 
28 21 0.2918543 
28 22 0.2650355 
28 23 3.97459e-08 
28 24 0.0154521 
28 25 0.004212024 
28 26 0.01941597 
28 27 1.4625 
28 28 0.0283536 
28 30 0.2592 
28 31 2.42 
28 33 0.2168165 
28 34 0.0801979 
28 40 1.890971 
29 6 0.0267726 
29 13 0.003554592 
29 14 0.02060887 
29 15 0.001216644 
29 16 0.000962 
29 17 0.08347286 
29 18 0.02935518 
29 21 0.2918543 
29 22 0.6184162 
29 24 0.154521 
29 25 0.004212024 
29 26 0.06310191 
29 27 4.275 
29 28 15.84966 
29 30 1.296 
29 31 4.84 
29 33 0.6504494 
29 34 0.1603958 
29 35 1.006666 
29 40 34.86378 
30 5 0.007582631 
30 6 0.002974733 
30 7 0.007747701 
30 8 0.002332546 
30 9 0.01318969 
30 10 0.001946185 
30 11 0.06474568 
30 12 0.0006264144 
30 13 0.007553509 
30 14 0.04121774 
30 15 0.002433287 
30 17 0.02692673 
30 18 0.06604915 
30 19 0.03784068 
30 20 0.05667198 
30 21 0.1459272 
30 22 0.08834517 
30 23 1.987295e-07 
30 24 0.154521 
30 25 0.01263607 
30 26 0.04853993 
30 27 0.45 
30 28 0.283536 
30 30 0.1296 
30 31 0.968 
30 33 0.2168165 
30 34 0.4009895 
30 39 1.620625 
30 40 1.620625 
31 6 0.0005949466 
31 16 0.000962 
31 17 0.02692673 
31 18 0.01100819 
31 21 0.07296358 
31 22 0.1766903 
31 24 0.0154521 
31 25 0.004212024 
31 26 0.04853993 
31 27 1.125 
31 28 1.41768 
31 30 0.2592 
31 31 0.484 
31 33 0.4336329 
31 34 0.0801979 
31 35 1.677777 
31 36 0.3616986 
31 40 5.903464 
32 6 0.002974733 
32 17 0.02692673 
32 18 0.05504096 
32 21 0.1459272 
32 22 0.2650355 
32 24 0.03863024 
32 25 0.0168481 
32 26 0.05824792 
32 27 6.75 
32 28 2.83536 
32 29 12.848 
32 30 0.2592 
32 31 4.84 
32 33 0.6504494 
32 34 0.2405937 
32 35 1.677777 
32 36 0.3616986 
32 40 1.635406 
33 6 0.001189893 
33 7 0.01291284 
33 8 0.003332209 
33 9 0.001055175 
33 10 0.0005838555 
33 13 0.003554592 
33 14 0.02060887 
33 15 0.001216644 
33 16 0.001924 
33 17 0.008078019 
33 19 0.1892034 
33 20 0.12144 
33 23 1.987295e-07 
33 24 0.04635629 
33 25 0.00168481 
33 30 1.296 
33 33 0.2168165 
33 34 0.801979 
33 36 0.3616986 
33 39 4.498942 
34 1 9.57555e-06 
34 2 1.595926e-05 
34 3 5.984722e-06 
34 6 0.0005949466 
34 7 0.03228209 
34 8 0.004998314 
34 9 0.0042207 
34 10 0.0005838555 
34 16 0.002886 
34 17 0.005385346 
34 19 0.1892034 
34 20 0.08905597 
34 23 3.97459e-07 
34 25 0.00168481 
34 30 1.296 
34 33 0.2168165 
34 34 0.0801979 
34 36 0.3616986 
34 39 1.724255 
35 1 9.57555e-06 
35 2 1.595926e-05 
35 3 5.984722e-06 
35 6 0.0005949466 
35 7 0.05165134 
35 8 0.01332884 
35 16 0.00962 
35 19 0.1892034 
35 20 0.12144 
35 23 3.97459e-08 
35 24 0.03863024 
35 30 1.296 
35 34 0.801979 
35 36 0.3616986 
35 39 6.862905 
36 1 6.702885e-05 
36 2 1.994907e-05 
36 3 7.979629e-06 
36 6 0.002974733 
36 7 0.01678669 
36 8 0.003332209 
36 9 0.002637937 
36 10 0.000778474 
36 13 0.006664861 
36 14 0.04121774 
36 15 0.002189958 
36 16 0.00481 
36 17 0.008078019 
36 19 0.2522712 
36 20 0.1619199 
36 23 1.192377e-07 
36 24 0.03863024 
36 25 0.005054429 
36 30 2.592 
36 33 2.168165 
36 34 1.202969 
36 36 0.3616986 
36 39 7.59567 
37 17 0.01077069 
37 18 0.02568578 
37 21 0.2188907 
37 22 0.1766903 
37 24 0.07726048 
37 25 0.007581643 
37 27 4.95 
37 28 4.25304 
37 29 179.872 
37 30 7.776 
37 31 21.78 
37 32 73.59326 
37 33 0.8672659 
37 34 0.2405937 
37 35 1.677777 
37 36 1.808493 
37 40 74.33382 
38 17 0.002692673 
38 18 0.01100819 
38 19 0.1261356 
38 20 0.04857598 
38 24 0.07726048 
38 25 0.0008424048 
38 27 2.3625 
38 28 2.268288 
38 29 51.392 
38 30 4.2768 
38 31 10.648 
38 32 16.68114 
38 33 2.601798 
38 34 0.6415832 
38 35 4.026664 
38 36 7.957368 
38 39 55.52758 
39 19 0.05045424 
39 20 0.08095997 
39 30 2.592 
39 33 13.2258 
39 34 3.288114 
39 35 23.48887 
39 36 23.87211 
40 16 0.00481 
40 21 0.07296358 
40 22 0.0530071 
40 24 0.05408234 
40 25 0.004212024 
40 27 1.125 
40 28 1.134144 
40 29 12.848 
40 30 2.592 
40 31 2.42 
40 32 7.849948 
-1 
