Mauritania _ 650 ,   open ocean ,  WetWeight ,  BOX(-19.13664 16.04,-2.745034 20.5) ,  Ould Taleb Ould Sidi M.M.,Guénette S.(2004). Modèle trophique de la ZEE mauritanienne: comparaison de deux périodes (1987 et 1998) West African marine ecosystems: models and fisheries impacts. pp 12-38. In Palomares M.L.D.,Pauly D.     
38 37 
orque 
dauphins 
oiseaux 
Selaciens L pred 
Selaciens L inv 
raie M 
thon hauturier 
thon cotier 
mesopel pred 
mesopel inv 
bathydem S pred 
bathydem S inv 
merlu 
sparides comm 
dem L pred 
dem L inv 
dem M pred 
dem M inv 
dem S pred 
dem S inv 
mugilides 
sabres 
pel L pred 
pel L inv 
pel M planc 
maquereau 
clupeides 
chinchards 
cephalopodes comm 
cephalopodes non-comm 
macrobenthos 
crustaces comm 
crustaces non-comm 
macrozooplancton 
meso zooplancton 
micro zooplancton 
producteurs primaires PrimProd 
Detritus 
1 0.0001
2 0.0314
3 0.00702
4 0.12
5 0.0236860011
6 0.0134090055
7 0.602
8 0.165
9 0.6
10 5.0
11 0.126
12 0.22
13 0.24
14 0.1
15 0.1
16 0.042
17 0.11
18 0.71
19 0.47
20 2.7
21 1.48233724
22 0.85
23 0.092
24 0.130226135
25 0.06
26 1.4
27 6.5
28 5.5
29 0.56
30 1.0
31 27.0
32 0.926628
33 3.710695
34 1.012
35 31.484
36 20.156
37 81.238
38 560.385
-1 
1 0.0
2 0.0
3 0.0
4 0.0
5 0.0
6 0.0
7 0.109
8 0.0
9 0.0
10 0.0
11 0.0
12 0.0
13 0.0
14 0.0
15 0.0
16 0.0
17 0.0
18 0.0
19 0.0
20 0.0
21 0.0
22 0.0
23 0.0
24 0.0
25 0.0
26 0.0
27 0.0
28 0.0
29 0.0
30 0.0
31 0.0
32 0.0
33 0.0
34 0.0
35 0.0
36 0.0
37 9748.56
38 0.0
-1 
1 0.0001536
2 0.0
3 0.0
4 0.0017
5 0.0017
6 0.0051
7 0.1821
8 0.0119
9 0.0
10 0.0
11 0.0
12 0.0
13 0.0748
14 0.0476
15 0.0068
16 0.0119
17 0.0
18 0.0
19 0.0
20 0.0068
21 0.0102
22 0.4471
23 0.0017
24 0.0
25 0.0
26 0.2176
27 0.6987
28 1.3141
29 0.374
30 3.0702993525
31 0.0
32 2.88368052
33 0.0
34 0.0
35 0.0
36 0.0
37 0.0
38 6382.46053519411
-1 
1 0.000604399946
2 0.3352264
3 0.4994379
4 0.27264
5 0.0423979461
6 0.0607428
7 1.29309607
8 0.432300031
9 3.41999984
10 66.55
11 0.504
12 0.8096
13 0.8529599
14 0.33099997
15 0.32979998
16 0.1848
17 0.51699996
18 3.70619965
19 2.2278
20 17.2260017
21 9.561075
22 3.77400041
23 0.208380014
24 0.59318006
25 0.419999957
26 6.188
27 35.47375
28 28.9299984
29 4.4016
30 6.85999966
31 306.000031
32 9.451605
33 52.5681839
34 15.5847988
35 648.5704
36 503.9
37 1624.76
38 0.0
-1 
2 1 7.597367e-06 
2 2 0.000421388 
2 4 0.0001854371 
2 6 8.481601e-05 
2 38 0.08546236 
3 4 0.0001112623 
3 38 0.1252308 
4 15 0.01447359 
4 38 0.08198641 
5 6 0.0007633439 
5 38 0.01198512 
6 4 0.0003708742 
6 38 0.01826307 
7 4 0.01631846 
7 6 0.006191568 
7 23 0.007176 
7 38 0.747238 
8 4 0.003708742 
8 23 0.028704 
8 38 0.2328873 
9 2 0.01432719 
9 3 0.124956 
9 4 0.04413403 
9 5 0.0005661992 
9 6 0.01357056 
9 7 0.08575526 
9 8 0.021285 
9 11 0.0108864 
9 30 0.0936 
9 38 1.420919 
10 2 0.02739022 
10 3 0.187434 
10 4 0.04413403 
10 5 0.001075778 
10 6 0.003138192 
10 7 0.3172945 
10 8 0.069531 
10 9 2.17875 
10 11 0.074844 
10 12 0.008712 
10 13 0.117288 
10 23 0.025116 
10 28 0.1313032 
10 29 0.07866333 
10 30 0.6201 
10 38 29.56523 
11 9 0.0105 
11 30 0.0117 
11 38 0.1542 
12 4 0.03708742 
12 5 0.001075778 
12 9 0.02625 
12 11 0.06804 
12 13 0.0729792 
12 22 0.026775 
12 30 0.0936 
12 38 0.3165926 
13 1 2.426296e-05 
13 11 0.020412 
13 13 0.0143352 
13 15 0.01071699 
13 26 0.06272 
13 38 0.2672315 
14 1 5.470105e-05 
14 2 0.00842776 
14 13 0.013032 
14 29 0.01311056 
14 38 0.106775 
15 4 0.002596119 
15 13 0.0026064 
15 14 0.002602603 
15 26 0.01792 
15 38 0.1036749 
16 4 0.007417483 
16 5 0.0009625388 
16 13 0.013032 
16 38 0.05488798 
17 1 4.406473e-05 
17 2 0.00421388 
17 4 0.01112622 
17 8 0.007095 
17 15 0.002801339 
17 22 0.026775 
17 38 0.1459445 
18 1 4.406473e-05 
18 2 0.01264164 
18 4 0.002966993 
18 5 0.002151557 
18 7 0.02143882 
18 8 0.049665 
18 13 0.039096 
18 15 0.04659561 
18 17 0.1072487 
18 19 0.10011 
18 22 0.05355 
18 23 0.007176 
18 29 0.03933167 
18 30 0.0117 
18 38 1.054084 
19 1 8.88892e-05 
19 2 0.02528328 
19 3 0.0499824 
19 4 0.007417483 
19 13 0.0104256 
19 22 0.26775 
19 23 0.010764 
19 30 0.0585 
19 38 0.6789883 
20 1 0.0001329539 
20 2 0.0421388 
20 3 0.0499824 
20 4 0.006304861 
20 5 0.002151557 
20 7 0.1433534 
20 8 0.0517935 
20 13 0.104256 
20 15 0.1125205 
20 16 0.031122 
20 17 0.2818579 
20 19 0.3337 
20 22 0.5355 
20 23 0.021528 
20 26 0.16128 
20 28 0.2186197 
20 29 0.1638819 
20 30 0.117 
20 38 4.960076 
21 1 9.952551e-05 
21 2 0.03371104 
21 3 0.0499824 
21 4 0.003708742 
21 7 0.02143882 
21 8 0.01419 
21 13 0.026064 
21 15 0.02329781 
21 22 0.5355 
21 38 2.617066 
22 1 1.139605e-05 
22 4 0.008159232 
22 5 0.0009625388 
22 7 0.008558411 
22 13 0.0013032 
22 15 0.02241071 
22 38 1.092495 
23 4 0.04079616 
23 23 0.014352 
23 38 0.09357184 
24 4 0.003708742 
24 23 0.03588 
24 38 0.2137011 
25 1 1.139605e-05 
25 2 0.00421388 
25 4 0.003708742 
25 5 0.0005661992 
25 7 0.02143882 
25 8 0.01419 
25 23 0.003588 
25 24 0.001706593 
25 38 0.1305764 
26 1 1.139605e-05 
26 2 0.00421388 
26 4 0.005192239 
26 5 0.0001698598 
26 7 0.07074809 
26 8 0.007095 
26 13 0.06516 
26 15 0.02329781 
26 22 0.5355 
26 23 0.03588 
26 38 1.807132 
27 1 8.416212e-05 
27 2 0.139058 
27 3 0.0124956 
27 4 0.02225245 
27 5 0.001245638 
27 7 0.5595531 
27 8 0.1709895 
27 11 0.074844 
27 13 0.3622896 
27 15 0.05591473 
27 19 1.0011 
27 22 0.5355 
27 23 0.0897 
27 24 0.1791922 
27 26 0.896 
27 28 1.005651 
27 29 0.01966583 
27 30 2.34 
27 38 14.92701 
28 1 3.266868e-05 
28 2 0.01685552 
28 4 0.009642729 
28 6 0.001357056 
28 7 0.6002868 
28 8 0.076626 
28 13 0.4574232 
28 15 0.01540737 
28 22 2.19555 
28 23 0.025116 
28 24 0.1279944 
28 26 0.2688 
28 28 0.08753544 
28 29 0.09832916 
28 30 0.468 
28 38 9.031943 
29 1 2.203237e-05 
29 2 0.03792492 
29 3 0.0124956 
29 4 0.06341948 
29 5 0.002604516 
29 7 0.04287763 
29 8 0.035475 
29 11 0.013608 
29 15 0.02101004 
29 17 0.02568831 
29 20 0.02457 
29 22 0.1071 
29 29 0.03277639 
29 38 1.356828 
30 1 8.88892e-05 
30 2 0.0421388 
30 3 0.1374516 
30 6 0.03070339 
30 7 0.02143882 
30 8 0.1028775 
30 20 0.02457 
30 22 0.16065 
30 24 0.1279944 
30 26 0.65408 
30 29 0.3507074 
30 30 0.117 
31 2 0.00421388 
31 4 0.001483497 
31 5 0.01268286 
31 6 0.01145016 
31 7 0.0834445 
31 8 0.0305085 
31 11 0.2388204 
31 12 0.483516 
31 14 0.2113313 
31 15 0.05125517 
31 16 0.148785 
31 17 0.2309422 
31 18 5.091126 
31 19 1.478291 
31 20 16.9533 
31 21 1.186463 
31 26 0.02688 
31 28 2.229921 
31 29 2.294347 
31 30 2.5038 
31 31 4.455755 
31 32 4.169826 
31 33 11.59592 
31 38 90.50594 
32 2 0.00210694 
32 4 0.001112622 
32 5 0.0009059189 
32 6 0.01382501 
32 7 0.008558411 
32 11 0.0428652 
32 12 0.060984 
32 13 0.0039096 
32 14 0.02238238 
32 15 0.003268229 
32 16 0.008463 
32 18 0.005254 
32 19 0.026696 
32 20 0.4914 
32 22 0.16065 
32 24 0.1279944 
32 29 0.3277639 
32 30 0.117 
32 32 0.1389942 
33 2 0.00210694 
33 4 0.009642729 
33 5 0.007926789 
33 6 0.003138192 
33 7 0.06846729 
33 8 0.015609 
33 9 0.0525 
33 12 0.547404 
33 14 0.2836837 
33 15 0.06256324 
33 16 0.075894 
33 17 0.04566812 
33 18 0.042032 
33 19 0.250275 
33 20 2.457 
33 22 0.2142 
33 24 0.2133241 
33 26 0.1344 
33 27 0.588002 
33 28 0.874479 
33 29 0.6555278 
33 30 1.17 
33 31 0.9000625 
33 32 0.1389942 
33 38 15.92507 
34 8 0.007095 
34 9 0.147 
34 19 0.03337 
34 20 0.2457 
34 24 0.0008532963 
34 28 0.4372395 
34 38 6.819942 
35 4 0.005933987 
35 5 0.01313582 
35 6 0.000254448 
35 7 0.06846729 
35 8 0.035475 
35 9 2.625 
35 10 3.0 
35 12 0.230868 
35 15 0.0004668899 
35 16 0.008736 
35 17 0.02359472 
35 19 0.113458 
35 20 0.90909 
35 23 0.01794 
35 24 0.04266481 
35 25 0.15 
35 26 1.90848 
35 27 20.58007 
35 28 31.044 
35 29 2.163242 
35 30 1.755 
35 31 22.50156 
35 32 2.084913 
35 33 15.46123 
35 35 10.07488 
35 38 244.0991 
36 5 0.006398051 
36 9 0.0525 
36 10 97.0 
36 12 0.120516 
36 20 3.21867 
36 23 0.03588 
36 24 0.02474559 
36 25 0.45 
36 26 2.1504 
36 27 24.69608 
36 28 6.86466 
36 29 0.3146533 
36 30 2.223 
36 31 45.00312 
36 32 1.806925 
36 33 11.59592 
36 34 18.6208 
36 35 251.872 
36 38 709.7104 
37 5 0.002264797 
37 18 0.115588 
37 21 10.69106 
37 27 9.172831 
37 31 133.6726 
37 34 2.3276 
37 35 453.3696 
37 36 1511.7 
37 38 6002.749 
38 4 0.008159232 
38 9 0.1575 
38 11 0.13608 
38 20 0.2457 
38 21 1.01881 
38 26 2.67904 
38 27 3.528012 
38 28 0.8315866 
38 31 243.4669 
38 32 5.559768 
38 33 38.65307 
38 34 2.3276 
38 35 292.1715 
38 36 167.9667 
-1 
