"Mdloti Network, Sept 2002, in gC/m2 and gC/m2/d - 2010 by UM Scharler"    
43 40 
Phytoplankton 
Benthic microalgae 
Bacteria 
Ciliated Protozoa 
Pseudodiaptomus hessei 
Copepod nauplii 
Caridean larvae 
Brachyuran larvae 
Cyclopoda 
Mesodopsis africana 
Ceriodaphna sp. 
Nematodes 
Mites 
Harp. 
Nauplii 
Chironomid 
Turbellaria 
Polychaeta 
Ostracod 
Oligochaeta 
Capitellidae 
Ceratonereis keiskama 
Desdemona ornata 
Grandidierella sp. 
Apseudes digitalis 
Callianassa 
Acanthopagrus berda 
Clarias gariepinus 
Monodactylus falciformis 
Oreochromis mossambicus 
Pomadasys commersonnii 
Liza alata 
Liza macrolepis 
Liza sp. 
Liza tricuspidens 
Mugil cephalus 
Myxus capensis 
Valamugil cunnesius 
Valamugil robustus 
Gilchristella aestuaria 
Suspended POC 
Sediment POC 
DOC 
1 52.2842
2 2364.187
3 1578.14
4 0.0001397173
5 0.4280792
6 0.02072674
7 0.008252859
8 0.005597184
9 0.004331945
10 0.01003023
11 0.0004925511
12 44.287
13 72.34527
14 8.277743
15 0.8683171
16 0.2125159
17 30.62277
18 55.35505
19 3.587613
20 35.33734
21 19.26784
22 15052.87
23 9386.618
24 69.08863
25 0.2913037
26 1101.961
27 0.02925877
28 929.9188
29 1.299326
30 177.3124
31 24.2733
32 6.061913
33 5.23295
34 1.36609
35 150.8839
36 65.52787
37 2.591633
38 22.06507
39 3.780603
40 0.2534732
41 642.868
42 239153.1
43 1988.572
-1 
1 183.5557
2 25.98585
3 12654.41
4 0.0
5 0.0
6 0.0
7 0.0
8 0.0
9 0.0
10 0.0
11 0.0
12 0.0
13 0.0
14 0.0
15 0.0
16 0.0
17 0.0
18 0.0
19 0.0
20 0.0
21 0.0
22 0.0
23 0.0
24 0.0
25 0.0
26 0.0
27 0.0
28 0.0
29 0.0
30 0.0
31 0.0
32 0.0
33 0.0
34 0.0
35 0.0
36 0.0
37 0.0
38 0.0
39 0.0
40 0.0
41 3341.84
42 0.0
43 18624.5
-1 
1 0.0
2 0.0
3 12858.63
4 0.0
5 0.0
6 0.0
7 0.0
8 0.0
9 0.0
10 0.0
11 0.0
12 0.0
13 0.0
14 0.0
15 0.0
16 0.0
17 0.0
18 0.0
19 0.0
20 0.0
21 0.0
22 0.0
23 0.0
24 0.0
25 0.0
26 0.2622222
27 6.275942e-06
28 0.1635468
29 0.000293364
30 0.03778816
31 0.005183592
32 0.001323711
33 0.001133895
34 0.0003085418
35 0.03304083
36 0.01428281
37 0.0005672402
38 0.004779617
39 0.000834122
40 9.067635e-05
41 5346.483
42 0.0
43 15069.38
-1 
1 2.865449
2 9.674131
3 121.3758
4 0.0002519229
5 0.1208938
6 0.007554537
7 0.00262187
8 0.001668838
9 0.001303652
10 0.0002670142
11 8.488031e-05
12 124.4208
13 204.37
14 18.20994
15 2.479703
16 0.4718004
17 50.78679
18 50.2378
19 4.630655
20 34.47601
21 0.739092
22 549.1312
23 346.3164
24 0.2818279
25 0.001156274
26 23.28783
27 0.0002800036
28 6.956191
29 0.01242797
30 1.697948
31 0.232484
32 0.05828601
33 0.05025217
34 0.01308731
35 1.451594
36 0.6284435
37 0.02480387
38 0.2110998
39 0.03634389
40 0.005706565
41 0.0
42 0.0
43 0.0
-1 
1 4 0.0006267857 
1 5 0.1611824 
1 6 0.006202279 
1 7 0.003065249 
1 8 0.002181321 
1 9 0.001561341 
1 10 0.0001095686 
1 11 9.203536e-05 
1 15 0.4791221 
1 41 79.33088 
1 43 100.7052 
2 12 1.746765 
2 14 1.707561 
2 15 0.4741516 
2 16 0.1587448 
2 18 1.736076 
2 19 1.38916 
2 20 1.710327 
2 21 1.189218 
2 22 1.096445 
2 23 1.141966 
2 24 0.1426033 
2 25 0.0006460937 
2 26 1.473027 
2 30 0.07042183 
2 31 0.009525295 
2 32 0.01161321 
2 33 0.002207963 
2 34 0.0005728237 
2 35 0.3740804 
2 36 0.0281005 
2 37 0.001089232 
2 38 0.09027869 
2 39 0.01556802 
2 42 0.7222637 
2 43 1.0193 
3 4 1.33696e-10 
3 41 3336.731 
3 43 9925.199 
4 5 4.355375e-05 
4 6 3.19186e-05 
4 7 3.816066e-05 
4 8 4.068768e-05 
4 9 4.078061e-05 
4 10 3.999829e-05 
4 11 4.218851e-05 
4 41 4.218788e-05 
4 43 5.538686e-05 
5 28 0.09803706 
5 30 0.07436702 
5 40 0.002360347 
5 41 0.05040186 
5 43 0.06304239 
6 10 0.0001377719 
6 40 0.002958071 
6 41 0.002826065 
6 43 0.003366488 
7 10 0.0001148595 
7 40 0.002364642 
7 41 0.001301075 
7 43 0.00162665 
8 10 0.0001090779 
8 40 0.00182152 
8 41 0.0009052346 
8 43 0.001147447 
9 10 0.0001062908 
9 28 0.0006662547 
9 30 0.0005095075 
9 40 0.0004727023 
9 41 0.0004373333 
9 43 0.0005421919 
10 28 0.000109543 
10 29 8.125114e-05 
10 30 8.132851e-05 
10 40 7.470357e-05 
10 41 8.589888e-05 
10 43 0.0001067607 
11 10 3.297867e-05 
11 28 3.75237e-05 
11 30 2.811886e-05 
11 40 1.727371e-05 
11 41 2.735774e-05 
11 43 3.122146e-05 
12 12 15.51075 
12 17 15.11263 
12 18 15.37458 
12 29 0.002041244 
12 30 0.2392173 
12 31 0.03237746 
12 33 0.007505395 
12 34 0.001947056 
12 36 0.09555054 
12 37 0.003704708 
12 42 13.9188 
13 13 49.0194 
13 30 0.2489633 
13 31 0.03369691 
13 33 0.00781126 
13 34 0.002026402 
13 36 0.09944499 
13 37 0.003855721 
13 42 46.63299 
14 13 3.741953 
14 29 0.001828675 
14 30 0.2143127 
14 31 0.02897765 
14 32 0.03538269 
14 33 0.006723801 
14 34 0.001744298 
14 35 1.1401 
14 36 0.0855706 
14 37 0.003318813 
14 42 3.434482 
15 30 0.1281907 
15 31 0.01732944 
15 33 0.004020966 
15 34 0.001043143 
15 36 0.0511679 
15 37 0.001984357 
15 42 0.8810825 
16 28 0.0462825 
16 29 0.001328978 
16 30 0.04013171 
16 31 0.02105939 
16 32 0.02569125 
16 33 0.004886457 
16 34 0.001267664 
16 36 0.04008562 
16 37 0.002411672 
16 42 0.05435286 
17 29 0.002111579 
17 30 0.2474577 
17 31 0.0334606 
17 33 0.007764011 
17 34 0.002014145 
17 36 0.09881091 
17 37 0.003832393 
17 42 24.5639 
18 12 7.791969 
18 18 7.777388 
18 29 0.001956524 
18 30 0.2292916 
18 31 0.03100358 
18 33 0.007163792 
18 34 0.001866247 
18 36 0.09155415 
18 37 0.003550909 
18 42 6.977632 
19 30 0.1602394 
19 31 0.02166411 
19 33 0.005005742 
19 34 0.001304065 
19 36 0.06397025 
19 37 0.00248095 
19 42 1.712286 
20 18 7.34852 
20 29 0.001952943 
20 30 0.228872 
20 31 0.03094683 
20 33 0.007150677 
20 34 0.001862831 
20 36 0.09138651 
20 37 0.00351437 
20 42 6.682392 
21 29 0.001641117 
21 30 0.1923385 
21 31 0.0260056 
21 33 0.006008918 
21 34 0.001565397 
21 36 0.0767927 
21 37 0.002953084 
21 42 11.9311 
22 29 0.002915995 
22 30 0.3470412 
22 31 0.0469295 
22 33 0.01084375 
22 34 0.002824894 
22 36 0.138591 
22 37 0.005329878 
22 42 6514.208 
23 29 0.002382043 
23 30 0.2835059 
23 31 0.0383362 
23 33 0.008858117 
23 34 0.002270407 
23 36 0.1132109 
23 37 0.004353745 
23 42 5155.945 
24 27 0.000126103 
24 29 0.001344062 
24 30 0.1589666 
24 31 0.0216312 
24 33 0.004998139 
24 34 0.001281083 
24 36 0.06387305 
24 37 0.002456187 
24 42 0.1356325 
25 27 0.0001017669 
25 29 0.0002033718 
25 30 0.0002034578 
25 31 0.0002033736 
25 33 0.0002033683 
25 34 0.0002033756 
25 36 0.000203327 
25 37 0.0001829633 
25 42 0.0002449039 
26 27 0.0001497016 
26 29 0.001915144 
26 30 0.2279494 
26 31 0.03082205 
26 42 20.39452 
27 41 0.0001220962 
27 43 0.0001330953 
28 41 2.621562 
28 43 3.247048 
29 41 0.005674697 
29 43 0.006131527 
30 41 0.7699099 
30 43 0.8359832 
31 41 0.1056336 
31 43 0.1144148 
32 41 0.02579289 
32 43 0.02845929 
33 41 0.02283164 
33 43 0.02473233 
34 41 0.005953352 
34 43 0.006443234 
35 41 0.6463639 
35 43 0.7110021 
36 41 0.2857741 
36 43 0.3094683 
37 41 0.01126902 
37 43 0.01221128 
38 41 0.0923486 
38 43 0.1027224 
39 41 0.01589764 
39 43 0.01769052 
40 29 0.0007277558 
40 41 0.003354869 
40 43 0.004052212 
41 5 0.2478765 
41 6 0.01060874 
41 7 0.004925686 
41 8 0.003430109 
41 9 0.00243581 
41 10 0.0001559542 
41 11 0.0001251306 
41 15 0.8324571 
41 28 12.84321 
41 40 0.003862819 
41 42 1904.102 
42 12 159.6704 
42 13 247.6568 
42 14 25.19677 
42 15 1.778792 
42 16 0.5505538 
42 17 60.6335 
42 18 40.91462 
42 19 5.208446 
42 20 47.16227 
42 21 11.78828 
42 22 7062.796 
42 23 5501.571 
42 24 0.5295336 
42 25 0.002260089 
42 26 42.73238 
42 27 0.0001638995 
42 29 0.002096877 
42 30 0.2495411 
42 31 0.03374682 
42 32 0.04117476 
42 33 0.007797662 
42 34 0.001998609 
42 35 1.327819 
42 36 0.09965621 
42 37 0.003832427 
42 38 0.3206717 
42 39 0.05519816 
42 41 501.963 
43 3 13587.53 
-1 
