North Aegean _ 495 ,   continental shelf ,  WetWeight ,  BOX(23 40,26 41.20346) ,  Tsagarakis K.,Coll M.,Giannoulaki M.,Somarakis S.,Papaconstantinou C.,Machias A.(2010). Food-web traits of the North Aegean Sea ecosystem (Eastern Mediterranean) and comparison with other Mediterranean ecosystems Estuarine, Coastal and Shelf Science. pp 233-248     
40 38 
micro- 
mesozooplankton 
Macrozooplankton 
Jellyfish+ mnemiopsis 
Suprabenthos 
Polychaetes 
Shrimps 
Crabs 
Norway lobster 
Benthic invert. (no crustacea) 
Benthic cephalopods 
Benthopelagic cephalopods 
Mullets 
Anglerfish 
Flatfishes 
Other gadiforms 
Hake 
DemeFish1 
DemeFish2 
DemeFish3 
DemeFish4 
BepeFish 
picarels and bogue 
sharks 
rays &amp; skates 
Juv anchovy 
Adult anchovy 
Juv sardine 
Adult sardine 
Horse mackerel 
Mackerel 
Other Small pelagic fishes 
Medium pelagic fish 
Large pelagic fishes 
Loggerhead turtle 
Sea birds 
dolphins 
phyto PrimProd 
Detritus 
Discards 
1 0.475
2 2.79
3 0.2874284
4 2.476
5 1.109
6 5.333
7 0.399
8 0.27
9 0.024
10 8.712
11 0.292
12 0.114
13 0.072
14 0.081
15 0.061
16 0.182
17 0.306
18 0.068
19 0.076
20 0.201
21 0.099
22 0.268
23 0.187
24 0.082
25 0.082
26 0.358341128
27 1.7899996
28 0.179389462
29 0.8100001
30 0.182
31 0.284
32 0.563
33 0.2
34 0.035
35 0.02
36 0.001
37 0.01
38 4.565
39 31.44
40 0.584
-1 
1 0.0
2 0.0
3 0.0
4 0.0
5 0.0
6 6.64605675549
7 0.164755994003704
8 0.00266601167337917
9 0.0
10 1.423112971104
11 0.0
12 0.0
13 0.0
14 0.0
15 0.0
16 0.0
17 0.0
18 0.0101719939416
19 0.0
20 0.0
21 0.00178258113
22 0.0
23 0.0
24 0.0
25 0.0
26 0.0
27 0.0
28 0.0
29 0.0
30 0.0
31 0.0
32 0.009464240562
33 0.0
34 0.0
35 0.0
36 0.068576006028367
37 0.0
38 642.5694
39 0.0
40 0.584
-1 
1 0.0
2 0.0
3 0.0
4 0.0
5 0.0
6 0.0
7 0.109217957
8 0.0335099548
9 0.01177687
10 0.0675025657
11 0.1797547
12 0.0329743847
13 0.0799405053
14 0.04794161
15 0.03513871
16 0.0229799617
17 0.107149571
18 0.0232617632
19 0.0512661971
20 0.0977954343
21 0.07814245
22 0.005084768
23 0.1732472
24 0.0193382557
25 0.0504862
26 0.00127178733
27 0.443839371
28 0.000159864
29 0.34246695
30 0.0621711574
31 0.08863594
32 0.06442183
33 0.107671291
34 0.00771293929
35 0.000213100007
36 0.0
37 0.000213056
38 0.0
39 272.556955596675
40 0.0
-1 
1 98.3618
2 65.1404343
3 6.16906071
4 11.9744511
5 34.1196136
6 17.8754387
7 1.13002694
8 0.4121947
9 0.0597526431
10 6.2221117
11 0.613783956
12 1.514604
13 0.3123446
14 0.208333135
15 0.34619832
16 0.911693156
17 1.05994821
18 0.301411748
19 0.199658066
20 1.01413989
21 0.492955476
22 1.40496147
23 0.8332493
24 0.290991277
25 0.195379376
26 2.25784731
27 4.05884361
28 2.02207112
29 4.407942
30 0.93787396
31 1.05993843
32 2.88854527
33 0.3962807
34 0.05516789
35 0.0396645144
36 0.08450888
37 0.109633081
38 107.0949
39 0.0
40 0.0
-1 
1 1 18.44284 
1 2 61.06941 
1 3 2.292382 
1 4 2.993548 
1 39 185.6969 
2 2 12.21388 
2 3 7.641274 
2 4 22.45161 
2 5 6.033136 
2 7 0.1228181 
2 12 0.1659669 
2 13 0.008276834 
2 15 0.006641861 
2 16 0.1070197 
2 18 0.04831697 
2 19 0.002351367 
2 21 0.01336936 
2 22 1.138432 
2 23 1.242658 
2 26 4.374985 
2 27 9.310235 
2 28 3.302816 
2 29 7.480742 
2 30 0.9403378 
2 31 0.7804967 
2 32 3.246235 
2 39 98.5056 
3 3 0.7641274 
3 4 1.197419 
3 7 0.1857249 
3 8 0.006665029 
3 9 0.02752962 
3 11 0.057816 
3 12 0.2595119 
3 13 0.06124857 
3 15 0.05811629 
3 16 0.4155701 
3 17 0.1508778 
3 18 0.02848158 
3 19 0.009405468 
3 20 0.01529789 
3 21 0.004456453 
3 22 1.138432 
3 23 0.1465331 
3 24 0.04878954 
3 25 0.01604381 
3 29 0.03844163 
3 30 0.2917313 
3 31 0.4228387 
3 32 0.4069623 
3 33 0.001941611 
3 34 0.0001672322 
3 39 3.359359 
4 4 0.8980645 
4 16 0.008339199 
4 24 0.005091082 
4 30 0.03540429 
4 31 0.1504169 
4 33 0.007119239 
4 35 0.002415629 
4 39 16.85418 
5 5 1.508284 
5 7 0.6919752 
5 8 0.07598133 
5 9 0.003198463 
5 11 0.041756 
5 12 0.04828129 
5 13 0.07173256 
5 14 0.01478175 
5 15 0.1228744 
5 16 0.2112597 
5 17 0.09469988 
5 18 0.273118 
5 19 0.003918945 
5 20 0.3008586 
5 21 0.04367324 
5 22 0.09445505 
5 23 0.02442219 
5 25 0.002005476 
5 29 0.1691432 
5 30 0.1019643 
5 31 0.07186586 
5 32 0.9606204 
5 33 0.01100246 
5 39 21.26987 
6 5 1.206627 
6 6 3.323028 
6 7 0.5841348 
6 8 0.5518644 
6 9 0.002513078 
6 10 0.5692452 
6 11 0.094754 
6 12 0.1810548 
6 13 0.1048399 
6 14 0.01372591 
6 15 0.08413024 
6 16 0.04864533 
6 17 0.03852199 
6 18 0.03967078 
6 19 0.005094629 
6 20 0.6782067 
6 21 0.3529511 
6 22 0.002485659 
6 23 0.01723919 
6 24 0.07339644 
6 25 0.02540269 
6 39 40.5876 
7 7 0.08088022 
7 8 0.02132809 
7 9 0.01267962 
7 11 0.091542 
7 12 0.05129887 
7 13 0.03972881 
7 14 0.006686981 
7 15 0.05424187 
7 16 0.2418368 
7 17 0.1043304 
7 18 0.04526537 
7 19 0.01802715 
7 20 0.1801752 
7 21 0.01426065 
7 22 0.04225621 
7 23 0.005746396 
7 24 0.06788109 
7 25 0.02573694 
7 30 0.004248514 
7 31 0.02005559 
7 33 0.002588815 
7 34 0.002424867 
7 37 0.0001380789 
7 39 0.6259556 
8 7 0.008986691 
8 8 0.02666012 
8 9 0.008338849 
8 11 0.250536 
8 12 0.009052741 
8 13 0.0148983 
8 14 0.003167517 
8 15 0.03431628 
8 16 0.03891626 
8 18 0.02390419 
8 19 0.02272988 
8 20 0.04079439 
8 21 0.0374342 
8 22 0.03479923 
8 24 0.001697028 
8 25 0.02707392 
8 30 0.001416171 
8 35 0.009018348 
8 39 0.2935612 
9 8 0.007998034 
9 11 0.006424 
9 14 0.003167517 
9 17 0.001605083 
9 39 0.02350666 
10 5 1.809941 
10 6 3.323028 
10 7 0.8297711 
10 8 0.4185638 
10 9 0.01542116 
10 10 0.8538678 
10 11 0.847968 
10 12 0.06638677 
10 13 0.03200376 
10 14 0.03660242 
10 15 0.07859536 
10 16 0.009729065 
10 17 0.03852199 
10 18 0.009154795 
10 19 0.003918945 
10 20 0.3484521 
10 21 0.423363 
10 22 0.02982791 
10 24 0.12558 
10 25 0.01704654 
10 31 0.01002779 
10 32 0.02839272 
10 35 0.02710873 
10 39 12.78937 
11 7 0.04792902 
11 9 0.0006853848 
11 11 0.077088 
11 12 0.1569142 
11 14 0.03801021 
11 15 0.002767442 
11 16 0.02362773 
11 17 0.1203812 
11 18 0.001525799 
11 19 0.04781113 
11 20 0.02039719 
11 22 0.004971319 
11 24 0.02290987 
11 25 0.001002738 
11 30 0.001416171 
11 33 0.001941611 
11 37 0.01394596 
11 39 0.2291364 
12 12 0.0905274 
12 17 0.07383381 
12 19 0.005486523 
12 24 0.007636623 
12 25 0.001002738 
12 30 0.001416171 
12 31 0.01337039 
12 33 0.03171298 
12 34 0.01538537 
12 36 0.0003350619 
12 37 0.01408404 
12 39 1.215211 
13 12 0.0150879 
13 14 0.006335034 
13 16 0.001389866 
13 17 0.004815248 
13 19 0.005094629 
13 24 0.002121284 
13 25 0.009358887 
13 33 0.003236018 
13 39 0.1126168 
14 14 0.004575303 
14 24 0.0004242569 
14 39 0.09067211 
15 7 0.005991127 
15 14 0.009854499 
15 15 0.006641861 
15 17 0.01926099 
15 18 0.003560198 
15 19 0.005878418 
15 20 0.001699766 
15 24 0.004666825 
15 25 0.002673968 
15 30 0.001416171 
15 37 0.0002761577 
15 39 0.1113384 
16 11 0.012848 
16 12 0.03319338 
16 14 0.04012189 
16 15 0.007748839 
16 16 0.002779733 
16 17 0.01284066 
16 19 0.01645957 
16 24 0.01230345 
16 25 0.02172599 
16 30 0.002832343 
16 31 0.001671299 
16 33 0.0006472036 
16 37 0.006627785 
16 39 0.2833932 
17 12 0.009052741 
17 14 0.03061933 
17 17 0.06099314 
17 19 0.001567578 
17 25 0.001336984 
17 34 0.0003344645 
17 37 0.008560889 
17 39 0.3303349 
18 7 0.005991127 
18 8 0.003999017 
18 11 0.011242 
18 15 0.01273023 
18 16 0.009729065 
18 17 0.01123558 
18 18 0.006103196 
18 19 0.002743262 
18 20 0.0101986 
18 25 0.006684919 
18 39 0.1032692 
19 14 0.019709 
19 15 0.002213954 
19 17 0.01765591 
19 19 0.009405468 
19 20 0.001699766 
19 25 0.002673968 
19 34 0.001923171 
19 37 0.004556602 
19 39 0.08074048 
20 8 0.003999017 
20 11 0.05621 
20 14 0.03378685 
20 15 0.02269303 
20 16 0.009729065 
20 17 0.03531182 
20 18 0.01017199 
20 19 0.02664883 
20 20 0.02719626 
20 25 0.01036162 
20 30 0.001416171 
20 37 0.001518867 
20 39 0.3470873 
21 8 0.003999017 
21 11 0.036938 
21 14 0.002111678 
21 15 0.01273023 
21 16 0.01389866 
21 17 0.01444575 
21 18 0.009154795 
21 19 0.01841904 
21 20 0.01359813 
21 25 0.009024642 
21 31 0.001671299 
21 37 0.0002761577 
21 39 0.1839253 
22 7 0.008986691 
22 12 0.0452637 
22 14 0.03589853 
22 16 0.09173119 
22 17 0.04494232 
22 19 0.04232461 
22 20 0.01359813 
22 24 0.0008485138 
22 25 0.002339722 
22 30 0.01557788 
22 31 0.01169909 
22 34 0.0003344645 
22 37 0.005661233 
22 39 0.756407 
23 11 0.020878 
23 12 0.01207032 
23 14 0.006335034 
23 16 0.001389866 
23 17 0.0465474 
23 19 0.01528389 
23 20 0.01869743 
23 25 0.007019165 
23 33 0.004530426 
23 37 0.001104631 
23 39 0.2962465 
24 12 0.006035161 
24 14 0.001407786 
24 24 0.00127277 
24 39 0.1039388 
25 14 0.001407786 
25 24 0.00127277 
25 39 0.08536559 
26 12 0.2957229 
26 14 0.003519464 
26 15 0.005534884 
26 16 0.05837439 
26 17 0.1203812 
26 19 0.01371631 
26 20 0.01189836 
26 24 0.02503115 
26 25 0.02807666 
26 30 0.0099132 
26 31 0.1086344 
26 33 0.06083714 
26 34 0.009114157 
26 37 0.01325557 
26 39 1.351856 
27 12 0.7966412 
27 14 0.009150606 
27 15 0.0193721 
27 16 0.06532372 
27 17 0.3033606 
27 19 0.06623017 
27 24 0.009757908 
27 25 0.08991217 
27 33 0.3598452 
27 34 0.03428261 
27 36 0.01027523 
27 37 0.03037735 
27 39 3.013024 
28 12 0.1327735 
28 14 0.001055839 
28 15 0.005534884 
28 16 0.01111893 
28 17 0.03210165 
28 19 0.01175683 
28 20 0.01529789 
28 24 0.002121284 
28 25 0.002339722 
28 30 0.005664686 
28 31 0.04345378 
28 33 0.008413647 
28 34 0.0009197773 
28 36 0.0008934985 
28 37 0.004280444 
28 39 1.002858 
29 12 0.3168459 
29 14 0.002815571 
29 15 0.01771163 
29 16 0.001389866 
29 17 0.1203812 
29 19 0.02900019 
29 24 0.00678811 
29 25 0.003676706 
29 33 0.08284206 
29 34 0.00560228 
29 36 0.004802554 
29 37 0.01808833 
29 39 2.327974 
30 12 0.0603516 
30 14 0.01865316 
30 17 0.02728641 
30 19 0.008229785 
30 25 0.00334246 
30 31 0.005013897 
30 33 0.0006472036 
30 34 0.003344645 
30 36 0.0001116873 
30 37 0.00359005 
30 39 0.2869714 
31 12 0.1025977 
31 14 0.008446713 
31 17 0.04173215 
31 25 0.005347936 
31 33 0.01488568 
31 34 0.00301018 
31 37 0.004418523 
31 39 0.3406147 
32 12 0.1629493 
32 17 0.07383381 
32 25 0.01002738 
32 30 0.002832343 
32 31 0.02841209 
32 33 0.05565951 
32 34 0.006772906 
32 36 0.003685681 
32 37 0.007318179 
32 39 1.427662 
33 39 0.1438989 
34 39 0.02073528 
35 39 0.01380303 
36 36 3.797368e-05 
36 39 0.02706675 
37 39 0.02823271 
38 1 239.757 
38 2 122.1388 
38 3 2.292382 
38 4 2.394839 
38 5 1.206627 
38 32 0.06624968 
38 39 167.6186 
39 1 110.6571 
39 2 48.85553 
39 3 2.292382 
39 5 48.26509 
39 6 53.16845 
39 7 0.2456362 
39 8 0.1959519 
39 9 0.04386463 
39 10 25.61603 
39 13 0.219612 
39 16 0.001389866 
39 32 0.01419636 
40 5 0.3016568 
40 7 0.01497782 
40 8 0.01333006 
40 16 0.0166784 
40 24 0.003394055 
40 25 0.002673968 
40 35 0.01513794 
40 36 0.0228959 
40 39 0.1932551 
-1 
