Port Phillip Bay _ 431 ,   bay/fjord ,  WetWeight ,  BOX(144.338939929964 -38.395136203309,145.16573916478 -37.7734775173739) ,  Fulton E.A.,Smith T.(2002). Ecosim Case Study: Port Phillip Bay, Australia The Use of Ecosystem Models to Investigate Multispecies Management Strategies for Capture Fisheries. pp 83-93. In Pitcher T.,Cochrane K.     
34 33 
Small zooplankton 
Large zooplankton 
Deposit Feeders 
Scallops and mussels 
Filter Feeders 
Inf. Predators 
Epi. Predators 
Sth Rock Lobster 
Abalone 
Other Grazers 
Scavengers 
Clupeoids 
Juvenile Snapper 
Snapper 
Juvenile Flatfish 
Flatfish 
Juvenile KG Whiting 
KG Whiting 
Juvenile Piscivores 
Piscivores 
Juvenile Mullet 
Mullet and Garfish 
Other demersals 
Southern calamari 
Other cepahalopods 
Rays 
Sharks 
Birds 
Marine mammals 
Phytoplankton PrimProd 
Microphytobenthos PrimProd 
Seagrass PrimProd 
Macroalgae PrimProd 
Detritus 
1 6.476684
2 9.974093
3 58.4065781
4 4.10987
5 62.4843521
6 5.43005228
7 0.9450776
8 0.0251600016
9 0.25863
10 0.8996
11 3.73056984
12 2.849741
13 0.328238338
14 0.262953371
15 1.73898959
16 1.71373057
17 0.113989644
18 0.0932642445
19 0.408497453
20 0.207046628
21 0.433873057
22 0.316321254
23 4.7275
24 0.296347141
25 0.391709834
26 5.54922247
27 0.0915544
28 1.018135
29 0.019689
30 7.61658
31 18.13472
32 0.2590674
33 18.1347179
34 14766.84
-1 
1 0.0
2 0.0
3 0.0
4 0.0
5 0.0
6 0.0
7 0.0
8 0.0
9 0.0
10 0.0
11 0.0
12 0.0
13 0.0
14 0.0
15 0.0
16 0.0
17 0.0
18 0.0
19 0.0
20 0.0
21 0.0
22 0.0
23 0.0
24 0.0
25 0.0
26 0.0
27 0.0
28 0.18103010765113
29 0.0
30 2284.974
31 957.513216
32 7.46114112
33 435.2332296
34 419.061462491
-1 
1 0.0
2 0.0
3 0.0
4 1.112
5 0.025
6 0.0
7 0.0255
8 0.0710887440851676
9 0.048
10 0.0003
11 0.0
12 0.812
13 0.012
14 0.0334999971
15 0.00500000035
16 0.1535
17 0.06
18 0.001
19 0.0
20 0.001
21 0.0
22 0.053
23 0.041
24 0.0497
25 0.0002
26 0.0
27 0.003
28 0.0
29 1e-05
30 0.0
31 0.0
32 0.01
33 0.01
34 9.10346017137175
-1 
1 100.441711
2 99.56839
3 2446.65137
4 18.61771
5 341.164551
6 224.369751
7 13.8170338
8 0.2314217
9 2.05791879
10 6.56348228
11 129.6373
12 65.45855
13 0.5391314
14 0.44636336
15 2.38024163
16 3.04915524
17 0.156023324
18 0.153186515
19 0.5591309
20 0.368387729
21 0.653195858
22 0.502239048
23 7.764919
24 3.78583455
25 2.323329
26 5.626911
27 0.09283616
28 1.30524909
29 0.31136182
30 380.829
31 159.585536
32 1.24352352
33 72.5388716
34 0.0
-1 
1 1 48.39767 
1 2 96.27195 
1 4 15.35335 
1 5 20.69384 
1 12 9.109946 
1 34 193.7082 
2 2 38.50878 
2 5 25.81556 
2 7 0.0414691 
2 12 72.24317 
2 13 0.6965802 
2 19 0.1308366 
2 21 0.2713446 
2 22 0.02089861 
2 23 0.01290331 
2 24 0.08114723 
2 28 0.02586144 
2 29 0.02116944 
2 34 243.9216 
3 6 144.279 
3 7 5.764204 
3 8 0.08746971 
3 11 21.09006 
3 13 0.04488275 
3 14 0.2404008 
3 15 1.819836 
3 16 1.969943 
3 17 0.114011 
3 18 0.1435953 
3 23 4.89035 
3 24 1.357622 
3 25 0.8751686 
3 26 4.803243 
3 28 0.2362012 
3 34 1261.351 
4 7 1.472153 
4 8 0.02342939 
4 15 0.02856399 
4 16 0.1641619 
4 23 0.258907 
4 24 0.001622141 
4 25 0.2502133 
4 26 0.259791 
4 29 0.007828204 
4 34 22.6012 
5 6 115.2241 
5 7 6.614321 
5 8 0.09840342 
5 13 0.00718124 
5 14 0.02375217 
5 15 0.3735452 
5 16 0.3759012 
5 23 2.761306 
5 25 0.1121084 
5 26 0.5982378 
5 28 0.2930964 
5 34 269.6439 
6 7 1.534357 
6 8 0.02374178 
6 11 16.95475 
6 13 0.08797018 
6 14 0.1691443 
6 15 0.3831233 
6 16 0.5826469 
6 17 0.1917884 
6 18 0.09809169 
6 21 0.1939876 
6 22 0.03180224 
6 23 1.941803 
6 25 0.2820792 
6 26 0.7965663 
6 28 0.1758578 
6 34 69.29758 
7 7 0.1866109 
7 8 0.002186743 
7 13 0.008976549 
7 14 0.02231265 
7 15 0.0574685 
7 16 0.04698765 
7 17 0.00624718 
7 18 0.01362385 
7 23 0.2322595 
7 24 0.4330114 
7 25 0.8433941 
7 26 0.4768562 
7 27 0.06569287 
7 28 0.1189626 
7 29 0.006920779 
7 34 4.333154 
8 7 0.004142763 
8 14 7.204826e-05 
8 16 0.0004694067 
8 23 0.00129162 
8 24 0.0002704712 
8 26 0.003464577 
8 27 1.429534e-05 
9 7 0.02071382 
9 8 0.0001561959 
9 23 0.05166485 
9 25 0.01804584 
9 34 1.013099 
10 7 0.1866109 
10 8 0.001874351 
10 23 0.1161298 
10 25 0.018082 
10 26 0.147392 
10 34 3.473457 
11 7 4.83115 
11 8 0.07497403 
11 13 0.0179531 
11 14 0.08205297 
11 15 1.618626 
11 16 0.9726446 
11 23 2.498453 
11 24 1.876814 
11 25 0.2276995 
11 26 0.3030415 
11 28 0.05689518 
11 29 0.06732256 
11 34 64.70709 
12 13 0.0278273 
12 14 0.02159289 
12 15 0.0814137 
12 16 0.1315654 
12 19 0.452896 
12 20 0.107675 
12 24 0.09192143 
12 25 0.2891786 
12 26 0.8138829 
12 27 0.006140855 
12 28 0.2930964 
12 29 0.04885255 
12 34 17.2831 
13 13 0.000897655 
13 14 0.01655455 
13 15 0.009521332 
13 16 0.004698766 
13 19 0.01230088 
13 20 0.03400262 
13 23 0.006472676 
13 24 0.02163926 
13 25 0.02531255 
13 26 0.008670115 
13 27 0.002999022 
13 29 0.01628419 
13 34 0.1880674 
14 14 0.01655455 
14 16 0.02349383 
14 20 0.0005663434 
14 23 0.006472676 
14 24 0.002703568 
14 25 0.001807139 
14 26 0.008670115 
14 27 0.006140855 
14 29 0.02347399 
14 34 0.1500884 
15 13 0.000897655 
15 14 0.01655455 
15 15 0.08620274 
15 16 0.2114445 
15 19 0.01565566 
15 20 0.01133421 
15 23 0.01290331 
15 24 0.6274934 
15 25 0.2820792 
15 26 0.008670115 
15 27 0.002999022 
15 29 0.007044718 
15 34 1.091963 
16 14 0.01655455 
16 16 0.0469034 
16 20 0.0005663434 
16 23 0.006472676 
16 24 0.1082031 
16 25 0.0578624 
16 26 0.1387218 
16 27 0.02185002 
16 29 0.007734988 
16 34 1.083813 
17 13 0.000897655 
17 14 0.0007197629 
17 16 0.0009388134 
17 19 0.001118262 
17 20 0.001145159 
17 23 0.0006458101 
17 24 0.01081428 
17 25 0.003614733 
17 26 0.001732289 
17 27 0.0001428106 
17 28 0.001724096 
17 29 0.0004071047 
17 34 0.07212255 
18 14 0.0007197629 
18 20 0.001145159 
18 23 0.00129162 
18 24 0.03244805 
18 25 0.003614733 
18 27 0.006140855 
18 28 0.001724096 
18 29 0.0003912276 
18 34 0.05364885 
19 13 0.000897655 
19 14 0.007197629 
19 19 0.07268702 
19 20 0.03003109 
19 26 0.008670115 
19 27 0.002999022 
19 28 0.05689518 
19 29 0.03520969 
19 34 0.3445435 
20 14 0.007197629 
20 20 0.03456933 
20 26 0.008670115 
20 27 0.006140855 
20 29 0.02583308 
20 34 0.1149914 
21 13 0.000897655 
21 14 0.0007197629 
21 15 0.004789042 
21 16 0.004698766 
21 19 0.03690264 
21 20 0.004532995 
21 23 0.01290331 
21 24 0.05139325 
21 26 0.008670115 
21 27 0.002999022 
21 29 0.02660387 
21 34 0.3794212 
22 14 0.0007197629 
22 16 0.004698766 
22 20 0.000849606 
22 23 0.01290331 
22 24 0.005409427 
22 26 0.008670115 
22 27 0.006140855 
22 29 0.004478151 
22 34 0.2668204 
23 13 0.00179531 
23 14 0.07485534 
23 15 0.2681863 
23 16 0.1407102 
23 19 0.3958647 
23 20 0.3403724 
23 23 0.06472676 
23 24 0.4598292 
23 25 0.1121084 
23 26 0.2080827 
23 27 0.006140855 
23 28 0.1189626 
23 29 0.0170984 
23 34 2.926879 
24 14 0.001439526 
24 15 0.02394521 
24 23 0.01290331 
24 24 0.06209842 
24 25 0.1358301 
24 26 0.008670115 
24 27 0.0001428106 
24 28 0.05689518 
24 29 0.06880069 
24 34 1.202075 
25 13 0.000897655 
25 14 0.0007197629 
25 16 0.004698766 
25 23 0.01293239 
25 24 0.1838953 
25 25 0.01807161 
25 26 0.008670115 
25 27 0.0001428106 
25 28 0.001724096 
25 29 0.002442627 
25 34 1.016628 
26 23 0.01293239 
26 26 0.008670115 
26 27 0.002999022 
26 29 0.003521011 
26 34 3.001753 
27 27 0.002999022 
27 34 0.04398968 
28 28 0.01034458 
28 34 0.4050545 
29 34 0.08004547 
30 1 435.579 
30 2 298.443 
30 4 22.07683 
30 5 541.735 
30 12 4.566572 
30 21 0.03451312 
30 22 0.02089861 
30 34 601.6891 
31 3 41.93454 
31 4 4.411882 
31 5 39.17047 
31 9 0.3209598 
31 10 2.626832 
31 11 22.53741 
31 21 0.2035084 
31 22 0.211712 
31 34 686.5104 
32 7 0.02073455 
32 9 0.4814397 
32 10 1.050733 
32 15 0.0004733327 
32 16 3.285847e-05 
32 21 0.1630448 
32 22 0.2544179 
32 23 0.01290331 
32 26 0.008670115 
32 34 4.215168 
33 3 41.93454 
33 6 57.61203 
33 7 0.02073455 
33 9 2.407199 
33 10 6.304397 
33 15 0.004789042 
33 16 0.004698766 
33 21 0.3058576 
33 22 0.3171137 
33 25 0.018082 
33 26 0.008670115 
33 34 253.7463 
34 2 48.13597 
34 3 3811.85 
34 4 2.95552 
34 5 109.9005 
34 10 0.5253664 
34 11 146.3898 
34 21 0.0154714 
34 22 0.009086352 
34 26 0.001733849 
34 28 0.0913771 
-1 
