Table 6. Flow data for the Richards Bay Winter carbon network. Rows = prey, Columns = predator. B = biomass, I = import. R = respiration, E = export.    
33 29 
Diatoms 
Flagellates 
Bacteria 
HM plankton 
Small copepods 
Medium copepods 
Large copepods 
Other lg zooplankton 
Sm macrobenthos 
Lg suspension feeder 
Echinoderm 
Mollusc 
Prawn & shrimp 
Large crustacean 
Cuttlefish 
Other cephalopod 
Flatfish 
Gurnard 
Other benthic carnivorous fish 
Lizardfish 
Red tjor-tjor 
Pinky 
Other benthopelagic fish 
Sm pelagic fish 
Lg pelagic fish 
Skates and rays 
Sm benthic shark 
Large sharks 
Cetaceans 
Susp POC 
Sed POC 
DOC 
DIC 
1 1.9347
2 0.3652
3 0.31
4 0.0589
5 0.107
6 0.0508
7 0.0951
8 0.0416
9 1064.6
10 586.82
11 1.128
12 4.224
13 2.671
14 48.11
15 79.603
16 31.334
17 150.93
18 179.14
19 64.178
20 10.477
21 22.552
22 2.5692
23 26.204
24 68.885
25 9.1442
26 17.13
27 7.5971
28 18.0
29 6.6431
30 0.33
31 379.0
32 271.0
33 1190.0
-1 
1 0.0
2 0.0
3 0.0
4 0.0
5 0.0
6 0.0
7 0.0
8 0.0
9 0.0
10 0.0
11 0.0
12 0.0
13 0.0
14 0.0
15 0.0
16 0.0
17 0.0
18 0.0
19 0.0
20 0.0
21 0.0
22 0.0
23 0.0
24 0.0
25 0.0
26 0.0
27 0.0
28 5.51
29 0.0
30 4580.0
31 51200.0
32 1065.0
33 1730.0
-1 
1 0.0
2 0.0
3 0.0
4 0.0
5 0.0
6 0.0
7 0.0
8 0.0
9 0.0
10 0.0
11 0.0
12 0.0
13 0.0
14 0.0
15 0.0
16 0.0
17 0.0
18 0.0
19 0.0
20 0.0
21 0.0
22 0.0
23 0.0
24 0.0
25 0.0
26 0.0
27 0.0
28 0.0
29 0.0
30 0.0
31 0.0
32 2240.0
33 0.0
-1 
1 288.32
2 57.03
3 16.43
4 4.2428
5 9.844
6 4.6736
7 8.7492
8 0.3037
9 53062.0
10 88.023
11 2.256
12 17.149
13 11.378
14 307.9
15 135.33
16 36.661
17 645.24
18 399.48
19 181.62
20 38.87
21 63.596
22 8.1957
23 69.44
24 479.44
25 57.737
26 19.871
27 15.042
28 23.346
29 49.159
30 0.0
31 0.0
32 0.0
33 0.0
-1 
1 3 0.9998 
1 4 0.19 
1 5 8.24 
1 6 1.89 
1 7 3.39 
1 8 0.0486 
1 11 0.0527 
1 13 0.815 
1 24 630.0 
1 30 508.0 
2 3 0.9998 
2 4 0.19 
2 5 5.88 
2 6 1.21 
2 7 2.42 
2 8 0.0346 
2 11 0.0376 
2 13 0.815 
2 24 139.0 
2 30 78.8 
3 5 0.53 
3 6 0.83 
3 7 1.55 
3 8 0.0324 
3 10 32.3 
3 30 15.0 
4 5 0.0034 
4 6 0.005 
4 7 0.0093 
4 8 0.0008 
4 9 5.58 
4 11 0.0009 
4 12 0.0026 
4 30 2.83 
5 5 0.353 
5 6 1.01 
5 7 1.88 
5 8 0.0998 
5 13 0.543 
5 24 0.0772 
5 30 3.85 
6 6 0.0838 
6 7 0.157 
6 8 0.0474 
6 13 0.543 
6 24 0.0772 
6 30 2.8 
7 8 0.0354 
7 13 0.543 
7 24 2.31 
7 30 4.05 
8 8 0.01 
8 21 0.0467 
8 24 0.231 
8 25 0.0097 
8 30 0.23 
9 9 3750.0 
9 11 1.36 
9 12 6.58 
9 13 3.26 
9 14 280.0 
9 15 225.0 
9 16 94.2 
9 17 979.0 
9 18 412.0 
9 19 298.0 
9 20 43.7 
9 21 141.0 
9 22 5.64 
9 23 133.0 
9 26 10.2 
9 27 8.43 
9 31 15300.0 
10 11 0.466 
10 12 3.46 
10 14 90.4 
10 15 11.6 
10 19 11.7 
10 20 2.25 
10 21 0.31 
10 22 4.92 
10 26 14.3 
10 31 66.0 
11 11 0.0098 
11 14 0.481 
11 21 0.156 
11 22 0.0166 
11 26 0.223 
11 31 1.37 
12 14 3.85 
12 17 5.13 
12 18 0.38 
12 26 0.672 
12 28 0.0005 
12 31 7.46 
13 14 0.241 
13 15 0.139 
13 16 0.0611 
13 17 0.513 
13 18 0.313 
13 19 0.199 
13 20 0.0382 
13 21 0.0156 
13 22 0.0062 
13 26 0.0445 
13 27 0.0471 
13 28 0.0064 
13 31 3.29 
14 14 2.33 
14 15 2.79 
14 16 1.22 
14 17 10.3 
14 18 49.5 
14 19 1.99 
14 20 2.06 
14 21 1.4 
14 22 0.777 
14 23 0.162 
14 25 0.534 
14 27 2.36 
14 28 0.0946 
14 31 97.7 
15 15 25.3 
15 18 4.86 
15 19 15.6 
15 20 3.0 
15 22 0.842 
15 23 19.1 
15 25 0.874 
15 26 1.34 
15 27 0.369 
15 28 0.344 
15 29 11.5 
15 31 60.1 
16 15 4.62 
16 16 16.8 
16 18 2.43 
16 19 11.7 
16 20 2.25 
16 22 0.0116 
16 25 2.04 
16 26 8.06 
16 27 3.91 
16 28 1.09 
16 29 5.08 
16 31 27.5 
17 17 10.3 
17 18 125.0 
17 19 11.5 
17 20 4.5 
17 23 0.812 
17 26 5.6 
17 28 0.0845 
17 29 0.292 
17 31 223.0 
18 18 1.1 
18 19 39.0 
18 20 7.5 
18 21 3.11 
18 23 9.55 
18 26 0.672 
18 31 167.0 
19 15 9.19 
19 18 11.9 
19 28 0.0236 
19 29 0.146 
19 31 195.0 
20 18 12.5 
20 25 0.005 
20 27 3.03 
20 28 0.973 
20 29 2.92 
20 31 18.1 
21 20 3.59 
21 25 3.79 
21 28 0.122 
21 29 4.32 
21 31 80.2 
22 25 0.0489 
22 28 0.179 
22 29 1.1 
22 31 2.81 
23 17 10.3 
23 19 7.96 
23 20 7.65 
23 21 9.65 
23 22 0.13 
23 25 7.64 
23 26 2.46 
23 27 1.99 
23 28 2.88 
23 29 7.92 
23 31 34.4 
24 16 9.83 
24 17 10.3 
24 18 6.38 
24 25 65.5 
24 27 3.42 
24 28 6.4 
24 29 29.0 
24 30 80.6 
24 31 80.6 
25 25 1.65 
25 28 2.21 
25 29 3.7 
25 31 16.8 
26 26 0.895 
26 28 5.84 
26 29 0.443 
26 31 17.5 
27 28 2.69 
27 31 5.82 
28 28 0.0398 
28 31 8.11 
29 28 3.0 
29 31 14.3 
30 3 2.666 
30 4 0.507 
30 5 2.65 
30 6 3.35 
30 7 6.28 
30 8 0.522 
30 9 2500.0 
30 10 261.0 
30 11 0.556 
30 12 10.4 
30 31 1250.0 
30 32 1250.0 
31 3 0.6665 
31 4 0.127 
31 9 68500.0 
31 11 2.03 
31 12 14.2 
31 13 9.78 
31 14 103.0 
32 3 61.318 
32 4 11.7 
33 1 1440.0 
33 2 285.0 
-1 
