Alaska, Prince William Sound _ 2 ,   bay/fjord ,  WetWeight ,  BOX(-148.917602345144 59.8326977714434,-145.354763425498 61.3886291588734) ,  Dalsgaard J.,Pauly D.,Okey T.A.(1997). Preliminary mass-balance model of Prince William Sound, Alaska, for the pre-spill period, 1980-1989 Fisheries Centre Research Reports   
19 18 
Mesozooplankton 
Inf. zoobenthos 
Intertidal inv. 
Macrozooplankton 
Epi. zoobenthos 
Wild salmon fry 
Hatch. salmon fry 
Herring 
Small pelagics 
Sea otters 
Demersal fish 
Birds 
Salmon 
Trans. mammals 
Res. mammals 
Pinnipeds 
Phytoplankton PrimProd 
Macroalgae PrimProd 
Detritus 
1 276.0
2 225.0
3 6.24
4 92.0
5 1.3
6 0.014
7 0.009
8 8.107
9 8.961789
10 0.017
11 9.4
12 0.021
13 2.12738681
14 0.28
15 0.095
16 0.3
17 41.51137
18 400.0
19 7.0
-1 
1 0.0
2 0.0
3 0.0
4 0.0
5 0.0
6 0.0
7 0.0
8 0.0
9 0.0
10 0.0
11 0.0
12 0.0
13 0.0
14 0.0
15 0.0
16 0.0
17 9464.59236
18 2112.0
19 0.0
-1 
1 0.0
2 0.003
3 0.0
4 0.0
5 0.143
6 0.0
7 0.0
8 1.136
9 0.0
10 0.0
11 0.037
12 0.0
13 1.4
14 0.0
15 0.0
16 0.0
17 0.0
18 0.0
19 413.017882123937
-1 
1 4275.792
2 4005.0
3 37.44
4 648.6
5 7.8
6 0.19249998
7 0.115649953
8 111.30912
9 111.12619
10 1.23913014
11 22.4847965
12 1.72829986
13 2.98023224e-08
14 0.6664
15 0.96329993
16 6.96600056
17 1577.43206
18 352.0
19 0.0
-1 
1 2 1500.75 
1 3 22.464 
1 4 724.5 
1 5 1.3 
1 6 0.42 
1 7 0.405 
1 8 87.5556 
1 9 96.78732 
1 11 3.9856 
1 14 0.11508 
1 19 1839.166 
2 2 51.75 
2 5 6.5 
2 9 16.29253 
2 10 1.564 
2 11 5.18128 
2 19 1088.709 
3 3 6.24 
3 11 0.9964 
3 12 0.467208 
3 16 0.6111 
3 19 16.64529 
4 6 0.14 
4 7 0.135 
4 8 58.3704 
4 9 48.23235 
4 11 10.56184 
4 12 0.404481 
4 13 0.319108 
4 14 0.38556 
4 15 0.012065 
4 19 198.8392 
5 5 1.04 
5 11 1.19568 
5 19 2.82132 
6 11 0.19928 
6 19 0.16822 
7 11 0.19928 
7 19 0.22507 
8 11 3.18848 
8 14 0.05628 
8 15 0.357124 
8 16 0.44523 
8 19 29.43378 
9 11 10.36256 
9 12 0.992817 
9 13 1.808279 
9 14 0.11592 
9 15 0.5875655 
9 16 3.16026 
9 19 33.15862 
10 15 0.0012065 
10 19 0.3236635 
11 11 3.9856 
11 12 0.294168 
11 14 0.16212 
11 15 0.180975 
11 16 4.365 
11 19 8.346337 
12 19 0.4347 
13 14 0.00084 
13 15 0.067564 
13 16 0.14841 
13 19 0.5105728 
14 19 0.1736 
15 14 0.00084 
15 19 0.24236 
16 14 0.00336 
16 19 1.76064 
17 1 6842.592 
17 3 14.352 
17 4 241.5 
17 19 788.716 
18 5 2.587 
18 12 0.004326 
18 19 1757.409 
19 1 1710.648 
19 2 3622.5 
19 3 19.344 
19 5 1.573 
-1 
